4000 50000 50000 
48520 41196 49572 40319
19453 16099 20126 15338
39576 13555 40187 12593
14890 40758 16060 40095
1923 50000 3089 49372
37052 18556 37772 18072
47709 12593 48789 11832
10068 34735 11314 34155
14338 41454 15388 40758
31524 29687 31997 28519
47891 19334 48473 18188
48990 43184 49458 41196
8728 45197 9453 44500
36405 19053 37772 18556
38879 27372 40152 26801
5822 33774 6174 32515
17354 9553 18876 9069
14728 42917 15393 42422
8312 47513 8612 46522
7713 1203 8282 0
5159 28869 5822 27845
37772 44443 38764 43906
14753 25203 16190 24747
8181 38482 9201 37788
25076 40899 26432 40265
21717 34856 22135 33708
36298 36942 36848 35921
41811 24711 42367 23919
33134 6441 34441 5704
46876 30637 47492 29724
39191 39923 39716 38613
4022 44818 5061 44026
38813 14432 40009 13823
28551 32908 29361 32197
32661 23518 33045 22013
28027 39774 28838 38849
7939 17415 8725 16577
46876 32516 47620 31604
6797 36727 7550 35948
18876 9035 20366 8543
34126 45116 34799 44568
27361 15182 28332 14521
33031 15244 33337 13932
38813 13823 40437 13555
46748 8841 47149 6760
13101 39069 13417 37779
28280 18556 29087 17948
47517 44475 48023 43352
47476 22813 48377 21991
27163 44900 28027 44270
35451 7174 36567 6441
28332 15182 28906 14521
37772 26701 38403 25388
2366 1880 3441 1294
13978 8815 15282 8579
11869 32469 12854 31507
22863 32293 23889 31726
3396 19767 4726 19380
41811 22061 42453 20914
13712 45608 14329 45148
35106 9592 35667 8482
28027 44923 28980 44135
25870 39384 26432 38183
22011 37812 23234 37155
32245 9781 32930 9164
4157 26350 4414 24734
13967 20286 14937 19454
11897 15254 12883 14949
27361 14521 28906 14086
45525 5620 46595 4957
4414 26350 5159 25348
47891 17605 48979 17069
28027 48463 29461 47906
21197 41353 21946 40488
24800 17009 25233 16236
3396 29266 4239 28869
8282 7697 8978 6972
41099 8039 41763 7031
5061 44358 6443 43685
38635 7404 39702 6725
22412 7795 23483 7355
31533 608 32720 0
12161 7713 13417 7094
6985 39144 7550 37676
39267 15143 40437 14432
42424 39888 43468 39123
32245 12593 32781 11290
19911 30723 20930 29941
7077 23044 8374 22417
28879 24519 29291 23057
37052 18072 37772 17009
17859 27771 18501 26631
3396 19380 4726 19026
2045 46030 2684 45009
4673 13826 5822 13218
11314 14850 11897 14091
10686 31674 11314 31190
19043 37017 19863 36002
19188 33292 19911 32316
39557 5599 39950 4868
17994 42486 18547 41809
14512 46788 14945 45608
2071 21611 2824 20748
44756 11043 45829 10234
22775 28894 23786 28097
42042 45403 42434 43625
31170 48947 31564 48251
22289 47100 23252 46291
20151 6704 20548 5451
8916 30422 9709 29726
34658 34069 35350 33352
39744 21389 40259 20314
31774 33902 33175 33295
8282 1329 9042 672
36663 2300 37365 1180
39178 48319 40290 47831
36663 3097 37365 2300
44505 18586 45255 17781
40451 38760 41230 37670
43932 39985 44919 39550
11314 19802 12570 19541
27286 6271 28638 5646
3204 39440 3843 38458
18917 4365 19431 3317
33134 5294 34441 4713
40229 17129 40662 16308
18917 2293 19629 1246
36708 49343 37196 47635
21822 33708 22283 31726
24048 43650 24430 42729
35667 10584 36904 10035
10135 19025 10896 18188
17497 40758 18428 40097
6370 5681 7357 5360
17917 10985 18255 9553
5822 20312 6350 19256
30666 41299 31291 39817
6238 37676 7550 37115
37707 6441 38533 5566
47565 20424 47891 19451
9735 21074 10429 20026
10024 22417 10528 21074
42830 13908 43565 13178
14937 20570 16503 20154
39184 1495 39754 991
40152 26610 40793 25388
16101 1002 17337 693
17794 1612 18917 1020
1058 17761 1800 16702
5822 5375 6370 4490
29997 48552 30666 47906
7444 3117 8282 2273
4239 33579 5105 32589
650 878 1822 629
22040 17009 23483 16655
10468 16966 11314 16143
39758 16308 40320 15143
20729 39124 21522 38183
17180 39685 18161 38803
8799 43701 9453 42983
45091 31763 45751 30519
7550 42983 8274 41950
22089 45183 22730 44410
38403 27372 38879 25388
47998 34465 49093 33896
17418 50000 19342 49512
1231 49193 1923 48236
27386 40363 28027 39432
4946 14907 5822 13826
37365 6441 37707 4868
12939 45898 13417 44817
20366 8859 21304 8034
14266 42422 15393 41809
14714 17952 15510 17009
29056 20184 29596 19293
8928 20939 9735 20312
44037 23034 44616 21551
30698 9398 31096 7938
40451 39923 41261 38760
19894 43510 20487 42554
23888 29638 24702 28894
28027 41280 29780 40854
840 2694 1898 1808
6426 35149 6956 33774
30668 32982 31415 32198
29511 36108 31774 35744
36551 35921 37467 34984
35092 4713 35938 4004
36085 2578 36663 1180
9394 6972 9816 6211
8856 31190 9594 30422
39772 19475 40755 19184
19863 34480 20482 33708
758 40402 1386 39869
17843 23078 18485 22211
19434 13028 19886 11674
10109 11835 11428 11265
7098 46704 7550 45128
42733 25117 44037 24711
2482 40231 3204 39438
6343 35948 7550 35149
18547 42486 19894 41809
20729 39866 21522 39124
30668 32198 31694 31664
37122 11370 37862 10933
3843 37676 5306 37273
34658 32233 35245 31433
24430 42549 25447 41809
8317 12680 9531 12249
0 32223 393 31505
39365 17129 40229 16308
0 16702 782 15543
1220 26145 1582 24226
18593 17413 19861 17009
41763 8039 42075 7031
9083 42983 9827 41706
30372 17009 31143 16461
33848 23518 34334 22199
31716 18556 32470 17867
45533 9354 46531 8841
11428 10389 12168 9251
12107 13469 12889 12794
3496 48637 4300 47513
17832 4897 18917 4237
20016 46654 22289 46291
33557 18556 33934 17009
40187 13555 40894 12593
27430 27812 28027 26626
47891 21551 49245 21199
5822 14755 7137 14091
45334 43801 46090 42832
25174 35046 26190 34525
23955 8238 25155 7618
9933 4747 10850 3827
49091 31604 50000 30637
3410 4808 4106 3747
13417 20286 13967 19454
0 7682 592 6209
9531 14091 10784 13363
14189 11323 15078 10841
8928 29065 10063 28305
8300 20312 8968 19255
34799 50000 35452 49063
19211 18269 19861 17413
30871 15073 32291 14861
15750 31501 16427 30834
9780 27364 11314 27002
42453 22725 42908 20914
1825 38585 2482 37908
33021 37501 34477 36942
2366 13826 2792 12441
32781 11817 33570 10677
46531 9517 47583 8841
1231 50000 1923 49193
31093 19769 32235 19452
12460 33164 13417 32469
6911 28305 7410 27020
5105 31964 5822 31102
41811 25505 42733 24711
32641 46435 33448 45348
26310 17868 27294 17418
21544 17009 22040 15163
9083 40749 9827 39820
46876 38932 47728 38104
36110 38804 36696 37649
12816 3536 13417 2514
43156 27966 44037 27592
29974 23866 30684 23057
41469 44213 42042 42832
5822 18699 7254 18405
18549 31571 19911 31073
20930 31726 21633 30454
30700 5718 31236 5167
17151 6467 17832 5745
22716 6045 23483 5008
12459 39069 13101 37779
3843 41135 4234 38992
32291 14804 33031 13932
48673 37950 50000 37369
21665 48849 22541 48422
48556 1075 50000 557
20560 18604 20815 17009
6404 23159 7077 22417
14937 20154 16503 19743
2366 3522 3410 2942
39487 40953 39888 39923
779 9332 1611 8666
24105 15095 25335 14361
17374 18269 18207 17413
38263 7404 38635 6441
42830 13178 43565 12593
3396 25515 4157 24734
29338 15848 30372 15182
6123 40657 6442 38992
19179 24433 20445 23919
15522 37232 15924 36002
38474 3522 39184 2846
5306 37676 6238 36727
41099 10510 42571 10142
10068 32869 10874 31674
1847 27464 2566 26821
22497 24519 23211 23669
46377 42832 46876 41677
679 45009 1536 44190
11314 25970 12062 24985
529 20748 1610 20082
4673 12031 5822 11708
2849 20082 3396 18713
28997 43711 29504 43027
35585 30721 36276 29704
43085 18847 43977 17985
3496 44818 4022 43910
35743 14701 36572 14090
22283 33049 22863 31726
30121 12593 31068 11602
31912 42396 33021 41879
21544 15163 22150 14141
39702 6958 40361 6441
26029 44370 27163 43650
35975 31452 37772 31069
25748 28894 26538 27812
31524 27406 32024 25909
2366 14390 3019 13826
13417 8815 13978 7439
29461 49407 29997 47906
37772 22855 38421 21973
33127 6978 34685 6441
7136 12321 8317 11835
42579 23292 44037 22725
29388 5167 31236 4713
22631 41809 23235 40939
30372 16461 31458 15645
47632 25091 48444 24003
12763 17268 13417 15870
25000 26837 25748 25906
34477 38804 35584 37993
21235 23609 22497 22933
40702 40983 41811 40453
18485 24777 19179 24190
39567 43470 40510 42832
28427 887 29860 605
40173 36036 40671 34693
23970 2790 25197 2024
41811 26146 43156 25892
21719 9399 22412 8349
41811 29616 42291 28635
29566 43027 30666 42305
46794 25228 47632 24154
13417 24637 14753 24076
7220 45128 7550 43822
34441 5483 35315 4713
0 8666 955 7682
28027 29687 28388 28346
14847 4237 15633 3099
20416 11055 21544 10383
31291 38378 32016 37581
7357 7110 8282 6245
1597 22178 2637 21611
30186 2402 30693 887
0 45009 679 44190
48613 47695 50000 47298
7254 19256 7802 18405
11428 11142 12140 10389
42571 11268 43384 10501
39956 34693 40212 32958
13887 50000 14459 49327
32462 34737 33175 33902
7802 19050 8300 17840
6370 6367 7357 5681
16503 38803 17368 38183
3396 35149 4693 34668
19791 20893 20165 19276
23483 8948 23955 7618
36803 39520 37772 38804
41811 34886 42467 34441
15750 33340 17230 33013
17354 10985 17917 9553
16013 48651 16510 47314
16398 44888 17418 44009
27597 10661 28638 9801
20999 44410 22178 43650
19170 22211 19853 21643
44750 1482 45256 0
29808 3356 30693 2809
33031 17009 34039 16216
25769 6327 26177 4713
13417 7439 14604 6800
47530 26680 48263 26017
30668 31664 31867 30866
18876 8260 19990 7623
38813 16308 39192 15143
14531 1445 14847 0
37641 8507 38263 7360
38474 2846 39184 2297
805 17761 1058 16702
20294 21662 21235 20893
7846 29065 8928 28305
30814 6975 31545 5718
34931 2046 36085 1261
26841 15182 27361 14086
24186 3975 24975 3264
12168 8590 12894 7947
43206 7298 44117 6767
7846 30422 8916 29726
37772 36731 38391 36036
40437 15143 40850 13555
758 41432 1386 40402
46531 11832 47890 11239
37772 42832 38949 42273
31664 9398 32245 7938
42434 44552 43034 43625
11721 4747 12074 3370
44096 46598 44744 45444
2366 4123 3410 3522
49514 48674 50000 47695
22405 21941 23420 21460
17337 1612 17794 0
23767 38183 24511 37660
29826 23057 31214 22806
8317 12249 9531 11835
37070 23608 37772 22805
13417 33708 14953 33108
49071 26999 50000 26017
44252 45444 44744 44455
35419 19827 36405 19126
29540 9398 30135 7938
31545 6975 32245 5718
48731 26017 49171 24003
13417 15001 14605 14754
43926 49600 44917 49008
21522 39062 23235 38623
14605 13442 15287 12973
5020 24312 5822 23347
48520 40319 49146 39540
10423 44335 11314 43402
1659 7682 2366 6598
41099 12593 42060 11780
36321 11577 37122 10933
32268 1356 33155 608
4846 40286 5133 38992
49637 4564 50000 2566
13417 17325 14714 17009
380 50000 1231 49285
32781 10677 33944 10326
7451 32515 8479 31674
25249 7618 26177 6741
40290 48319 40709 47326
31706 30233 32764 29687
45091 35595 45380 34604
23234 38183 23767 36452
48562 27681 49071 26680
47945 48289 48613 47298
9282 10737 9916 9513
37341 10035 38263 9005
37772 41696 38949 41215
33825 48033 34205 46435
26445 23057 27117 21948
26177 9837 27597 9212
31291 39853 33021 39332
19911 32181 20811 31726
39622 24449 40259 23396
1822 878 2366 0
44919 42150 46377 41826
43051 37424 44198 36584
12680 28990 13417 28406
25606 1034 26079 0
22410 12181 22741 10383
5110 22450 5822 21147
27721 4713 28189 3356
12074 4085 12816 3000
24975 3975 26079 3264
3396 19026 4590 18307
40248 30266 41276 29595
3496 45717 5061 45126
1582 26145 2247 24710
3410 7427 3794 6252
36085 546 37365 0
11314 41006 12040 40319
43468 39888 43932 38505
36166 23540 36641 21774
14937 20991 16503 20570
44505 13832 45167 13291
9453 44208 10423 43606
9281 35149 9847 33831
38353 48319 39178 47956
36276 29064 37772 28519
18876 11674 19507 10383
11314 39069 11893 38058
40152 27135 41118 26610
14951 38547 16503 38183
40745 32211 41811 31353
17832 6919 18569 5931
26867 47982 27569 47282
10404 35998 11314 35149
2247 24907 3396 24226
37245 44567 37772 43019
40435 12593 41099 11189
12447 1549 13417 805
28027 27547 28345 26120
782 14353 1581 13520
4835 5384 5822 4563
7926 21649 9735 21258
44123 35595 44737 34437
45334 45403 46090 44863
28027 37908 29172 37476
38906 13139 39576 12593
30666 46435 31232 45886
9281 32943 10068 32123
30666 41879 32151 41299
9282 9513 9916 8454
32764 31820 33316 30866
44227 15748 44505 14647
40451 37670 41811 36982
5110 23347 5822 22450
35245 32417 35975 31435
7550 45197 8728 44500
22323 6699 23483 6045
2131 22927 3396 22575
31985 5718 32245 4713
3744 1326 4282 0
41811 13389 42536 12593
9281 33831 10068 32943
32631 3356 33155 1894
32414 3356 32631 1894
49603 12593 50000 11705
32404 35295 33711 34737
37772 27965 38515 27372
45091 32379 45751 31763
15475 45222 16398 44538
11314 44817 12737 44330
34039 14206 34726 13531
33711 35776 34658 35329
5493 4563 5822 2942
34533 18949 35419 18556
41811 36506 43051 36070
37365 4868 39673 4485
806 7682 1659 6598
23955 8948 25155 8238
41099 5985 41638 4957
29916 34719 30668 33891
15720 7439 16351 6573
31214 23057 32235 22332
2536 27856 3396 27464
0 4267 840 3321
22341 2293 22906 738
10404 37788 10955 36540
1597 21611 2071 20748
8523 27364 9019 26084
2914 11545 3705 10502
17994 44009 18831 42911
46703 15861 47284 14750
27163 32774 28027 31726
25412 21603 25721 20648
23637 34416 24511 33708
10874 33695 11314 31674
16351 7355 17832 7110
19998 4365 20836 3317
27183 29919 28027 28894
20016 47225 21382 46654
19863 38183 21288 37559
25000 25906 25495 24519
29543 6975 29962 5718
48658 24003 49171 23345
30871 15645 32291 15073
48765 29724 49619 28635
29087 18556 30514 17948
32245 8043 33129 7239
5382 35149 5822 33579
11897 14949 12883 14091
26022 47282 26862 46291
30107 25254 31524 24776
3843 38327 4771 37676
19894 42554 20999 41809
13417 12234 14976 11739
47530 27681 48562 27355
47149 8841 48166 7976
14050 39042 14951 38183
17057 17009 17586 15484
26190 36032 26890 35322
6716 32515 7451 31674
29780 41491 30666 40452
15079 27162 16190 26511
10476 40193 11314 39260
14976 12973 15934 12398
20930 29640 21633 28894
32235 21016 33803 20761
28027 35744 28793 34900
48789 11705 50000 11239
2366 16702 3396 15854
29916 35744 30668 34719
29658 45340 30102 44135
21811 7355 22323 6190
14402 12973 14976 12234
46356 450 47539 0
7513 50000 8365 49296
35394 45589 35873 44568
22150 15163 23483 14513
0 47379 377 45655
46245 12199 46531 11043
22258 21460 23420 20648
28460 46018 29697 45340
7860 35149 8492 33774
6442 42216 7215 41313
20815 18604 21235 17009
6786 43822 7550 43332
9594 31190 10746 30422
2886 42216 3458 41123
45444 39765 46377 39198
34334 21656 35206 21016
38949 42832 39888 41978
28027 36942 28705 35744
47891 13620 49030 13212
19911 33708 20811 33045
48377 22380 49528 21551
39754 1147 41099 789
45533 8841 46079 7739
29045 29687 30309 29083
36493 21774 37070 21221
28564 2007 29264 887
23840 26837 24460 25850
18917 738 19895 0
4154 20494 4785 19767
12977 48620 13417 47125
5383 49310 6399 48394
28027 48887 29461 48463
22379 50000 23046 48849
2354 18713 2935 17761
36365 10035 37341 9479
15523 38183 15968 37232
40181 18454 41811 18077
6891 18405 7802 17840
36308 45290 36730 43019
31524 28127 32399 27406
10423 45295 11314 44335
28980 45340 29658 44135
48134 1075 48556 0
19970 23919 20445 22211
35420 16259 36572 15720
30906 19002 32235 18556
34799 46120 36308 45589
45091 30519 46341 29883
40152 28367 40687 27135
32024 26952 32831 25909
45854 42832 46377 42150
40152 29150 40687 28367
18649 38772 19746 38183
7550 46387 8312 45985
35920 47128 36308 46120
19028 34747 19863 33708
5215 19767 5822 19026
1386 42216 2482 41399
28638 11042 29112 9398
22610 17577 23500 17009
28793 35744 29916 35257
35667 9328 36365 8482
18609 47495 19328 46733
15968 37929 16695 37232
25505 20648 26116 19350
20232 1498 21502 1215
26177 6077 26618 4713
5822 32515 6716 31674
47608 13525 47891 12593
16427 31501 17556 30834
39184 2754 39754 1495
43460 36584 44316 35595
33956 328 35184 0
14937 19743 16503 19454
39957 45681 41047 44816
16873 50000 17418 49114
30514 17714 31716 17009
17080 11895 17723 10985
16851 23388 17374 22424
32024 27406 32831 26952
45231 47702 46876 47166
16351 14504 17709 14116
16351 17009 17057 16582
14302 4237 14847 3146
1299 42971 2510 42216
22271 738 23483 0
4985 2942 5822 1937
12062 25712 13417 25238
16679 28894 17229 27771
42903 41194 43932 40352
38263 8251 38691 7404
32245 9164 33516 8482
23500 18841 24416 18321
28027 33974 28793 32908
43384 10987 44756 10531
25748 27812 27002 27253
17832 5931 18917 5343
2131 23647 3396 22927
24631 21603 25412 20648
28021 16001 29338 15795
22046 39866 23235 39062
40808 18077 41239 17129
1155 37496 2482 36871
21946 41809 22631 40939
44505 14750 45167 13832
49458 42001 50000 41196
17418 49085 18363 48339
45469 37424 45919 36732
46378 18730 47891 18202
14945 45222 15475 44538
39832 36036 40173 34693
49619 29724 50000 28635
45606 38986 46876 38391
34039 15694 34726 14900
47891 15975 48572 14958
18448 28894 18750 27771
33711 36942 34177 35776
43413 8635 44117 7298
6348 3117 6982 2273
23252 47495 23894 46291
19911 31419 20930 30723
13417 39042 14050 38183
10423 43402 11314 42983
0 26821 1028 26145
40019 50000 40270 48810
5822 25679 6455 24879
48635 37101 49333 36093
48031 46728 48985 46218
37772 21248 38733 20314
35206 21221 36324 20549
43905 47702 45231 47176
30107 27237 30592 26401
3852 23021 4591 22247
30693 3356 31533 2458
19911 33045 20811 32181
3410 3747 4106 2942
38217 30922 38927 30325
11314 30841 12680 30431
21235 26837 22305 26145
31774 34737 32462 33902
2637 22178 3396 21611
17817 38183 18453 37079
12388 31507 13417 30841
34726 17009 35825 16259
2366 5582 3143 4818
20748 9848 22492 9399
1446 20082 2296 19120
27979 8700 28638 7779
35761 7883 37341 7476
13417 22424 14360 21971
47443 43352 48023 41924
13417 25043 14753 24829
20126 16360 21544 16103
33956 997 35184 328
46935 17781 47891 16861
15282 8815 15744 7799
11661 48280 12256 47125
11314 43980 12240 42940
13778 37278 14099 36002
37772 27372 38403 26701
35584 38804 36110 37677
20589 19902 21235 19276
19861 19276 21235 18604
14574 27397 15079 25589
12012 22174 13417 21609
48942 3471 49637 3106
35584 37677 36110 36942
4303 27419 5159 26350
41811 39888 42424 38505
38733 21661 39252 20314
15412 5747 16351 4950
31640 13688 32291 12593
15317 17009 16351 16183
43658 49008 44001 47702
14847 3099 15386 1612
49030 14546 49744 13221
17368 38803 18649 38183
15351 39719 16503 39042
30226 47906 30666 46137
13037 43980 13417 42940
34293 4713 35092 4004
14937 22424 15843 21951
13417 6800 14604 6560
4020 24292 5020 23660
37122 12593 37862 11370
3843 38992 5228 38327
46876 33788 47998 33036
2684 46176 3496 45009
24631 23057 26171 22458
32641 45348 33448 44477
22143 46291 22878 45183
44123 33837 45091 33178
43022 1233 43410 0
22323 6045 22716 4365
16902 3467 17498 2305
21578 40488 22361 39866
42333 7298 42889 5985
43420 50000 43926 49008
5822 567 6630 0
23483 4713 24186 4205
30666 45386 31298 44802
28793 34749 29916 33915
42296 17985 43583 17496
25061 1034 25606 0
27183 30281 28027 29919
42830 17097 44505 16607
32730 29687 33300 28519
39517 12078 40435 11416
24372 45418 26125 44900
26190 37680 27442 37002
36770 8482 37341 7883
16190 24016 16851 23494
34726 14303 35743 13524
48195 3145 48942 2566
38326 33496 38819 32329
44071 44455 44744 43936
40009 14432 40437 13823
47492 30637 48973 29992
44117 8391 45533 7849
46876 31604 47503 30637
968 38585 1825 37908
12953 28406 13417 27442
40662 17129 41811 16308
20753 25679 21235 24777
42296 17496 43583 17097
46079 8841 46748 7739
27216 21948 28338 21451
34404 40306 36308 39845
26890 36032 28027 35264
27354 20648 28259 20157
34175 25190 35396 24519
45058 49008 45641 48333
35876 28519 36609 27731
41811 14056 42536 13389
33647 26730 34778 25909
7410 28305 8523 27898
37772 30922 38217 29150
1923 49372 3089 48858
40013 44272 40510 43470
4300 50000 4792 49370
8591 35890 9986 35515
34404 41338 35150 40653
10043 12749 10784 11835
21312 49671 21665 48772
14403 35357 15396 34975
41099 11780 42571 11360
35667 12593 36321 11373
31143 17009 32291 16461
0 17761 805 16702
7137 16577 8017 16077
29172 37506 29683 36942
38729 35201 39832 34693
21651 42729 22925 42153
19551 45643 20076 44009
14976 12398 15934 11739
3396 16550 4797 16113
3019 1294 3441 0
26548 1991 27208 851
17391 42789 17994 42377
29338 17009 30372 16276
14459 50000 14945 48091
27597 12593 28179 11356
26079 3974 27189 3297
34658 30721 35349 29519
39192 36036 39832 35201
20294 22211 21235 21662
33570 12593 33944 10677
17151 4754 17832 4237
17104 48651 17418 47314
20999 45183 22089 44410
1597 22575 3396 22178
20052 28894 20301 27699
19310 27699 20301 27107
11314 41937 12040 41006
20267 48772 21665 48389
47632 23345 49171 22813
30693 1047 31533 0
2197 44070 2992 43601
26812 10646 27597 9837
45641 49008 46876 48579
16294 44009 16707 42720
34391 33295 34658 32017
21522 39866 22046 39062
28027 47416 29076 46697
33448 43657 34238 42804
38764 44816 40510 44272
26177 8027 26712 6753
6925 30422 7846 29836
39846 37178 40451 36036
33379 48956 33825 47799
44616 22148 45481 21551
11314 42680 12352 41937
34634 21016 35206 19827
39166 45463 39957 44816
1561 12106 2366 11172
8479 32515 9281 31674
48942 4564 49637 3471
12481 36200 13417 35233
44616 23034 45481 22148
37070 21914 37772 20617
40259 24495 40688 23833
2536 29011 3396 28408
26890 35264 28027 34881
25502 37560 26190 36835
9780 26321 11314 26084
26442 32774 26868 31726
48990 44475 49382 43184
19756 48953 20267 47495
43022 1940 43912 1233
8968 19720 9735 18482
8667 48251 10019 47773
41827 4957 42601 3736
33448 44235 34653 43657
33944 11019 34609 10012
18831 43640 19894 42911
26867 48853 27569 47982
48613 48674 49514 47695
37772 32329 38195 30922
30107 26401 31524 25901
43613 20914 44037 19451
21633 31726 22811 31046
10404 36540 11314 35998
27089 23643 27815 23057
35211 18556 36122 17855
39610 10824 40266 10035
46377 41677 46876 40086
17994 42911 19894 42486
24516 20648 25505 19821
19886 11055 20416 10383
47324 36093 47720 34465
19353 20893 19791 19276
28373 43648 28997 42305
29264 2402 30186 1948
33021 42804 33468 41440
25904 15526 26405 14072
10106 23455 10653 22417
29655 14178 30372 13532
7550 45985 9453 45535
46748 6760 48166 6272
43398 21775 44037 20914
41276 30266 41811 29150
16351 11895 17080 10985
23483 13242 24114 12593
26453 20648 27354 20101
30372 15645 30871 14535
23914 27457 24826 26837
34175 25909 35396 25190
37772 16571 39365 16308
7926 20939 8928 20312
0 27464 1133 26821
7350 22417 8125 21649
5145 36727 6351 35948
29596 20184 30457 19293
22610 18841 23195 17577
27979 7224 28638 6271
16351 6467 17151 6014
16351 15484 17689 14946
28027 49550 29461 48887
35122 4004 35938 3097
48995 6606 50000 5985
28997 43027 29566 42305
21235 22933 22497 22498
32235 19439 33803 18906
25747 31433 27183 30834
23351 33708 23889 32293
46380 22813 47476 22155
8591 35515 9986 35149
20999 43650 21924 42729
12763 19541 13417 18464
20048 25679 20753 24777
19886 12006 20805 11478
377 47379 1177 46595
16190 24777 16851 24016
9827 40691 10476 39571
26177 6753 27286 6077
6442 41313 7550 40491
49071 28635 50000 27866
25076 41809 26432 41568
44756 12199 45474 11043
11951 24985 13417 24405
38207 4485 38650 3522
32407 32982 32764 32198
958 48236 1923 47379
37862 10975 38881 10035
24460 26837 25000 25380
25230 33708 26536 33064
35846 24519 36282 23540
24563 50000 25225 49311
0 48236 958 47379
43565 13844 43868 12593
13417 30077 15356 29752
20126 16103 20669 14638
44025 31912 45091 31527
7750 14782 8841 14091
25505 18556 26310 17846
7357 5683 8282 4820
12495 34109 13417 33164
21633 31046 22811 30534
13417 33108 14953 32793
23483 9464 25155 8948
49071 27866 50000 26999
39957 45939 41047 45681
45082 36584 45469 35595
15596 50000 16355 49114
13417 36002 14403 35434
40702 42284 41265 40983
6723 29026 7846 28305
47562 2566 47910 1075
45087 17781 45679 16861
8886 37445 9986 36864
28027 41850 28514 41280
44806 5985 45525 4957
5822 16446 6634 15885
48520 39540 49146 39110
4106 3818 4835 2942
0 33543 627 32824
31232 46435 32641 45886
38881 12593 40435 12078
27058 46291 27438 44900
12240 43980 13037 42940
25233 15632 25904 15095
40671 36036 40978 34693
14484 40758 14890 39719
39252 22855 39606 21389
45173 25218 45757 23615
43051 36584 43460 35595
0 22796 1597 22249
41811 22725 42453 22061
41639 9354 42075 8039
19911 29941 20621 28894
45256 2566 46356 1869
28968 9398 29540 7938
47945 50000 48613 49350
5822 13276 7136 12745
0 6209 427 4267
28019 17009 29338 16481
10019 48251 11314 47513
27045 11458 27597 10646
29829 17948 30514 17009
35331 44568 36308 43657
24826 27457 25748 26837
10784 14091 11428 13423
18917 1246 19629 738
36428 39845 36803 38804
46876 41988 47443 41196
12890 35233 13417 34109
9453 44876 10148 44208
46380 28635 46851 28092
21544 13372 23483 12985
38881 11189 40266 10824
32720 608 33155 0
37772 20314 38235 18454
35150 41338 36308 40653
24430 43650 25124 43094
40266 11189 41099 10035
19232 26393 19784 25679
36848 36942 37772 35921
29974 30567 30668 29687
1568 31418 2321 30167
7550 43953 9453 43701
19342 48953 19756 47495
36321 12593 37122 11577
5023 29561 5822 28869
39317 50000 40019 48810
15924 37232 17149 36568
43126 33178 44025 32427
23483 17009 23954 16236
41099 470 42278 0
25056 46291 26125 45418
33129 8043 33874 7239
46191 21551 46865 20287
3907 46818 5061 46129
32641 44477 33448 43825
7311 35149 7860 33774
627 33543 1713 32824
22741 12181 23483 11533
19080 17009 20126 16099
45757 26581 46380 25328
13417 39719 14811 39042
17643 41809 18600 41497
7137 17840 7661 16577
15934 12973 16351 11739
29916 33062 30668 31971
23500 17963 24416 17009
40688 24495 41811 23833
27286 7728 27979 6913
39178 47831 40290 47326
7698 4820 8282 3619
10468 15007 11314 14091
22283 33708 22863 33049
33155 4713 34293 4004
28019 16481 29338 16001
41437 48810 42664 48319
45255 19451 46038 18897
43932 42832 44241 41723
19886 11478 21544 11055
40270 49378 41647 48810
3441 1326 3744 0
25582 40265 26432 39384
31694 32198 32764 31664
26841 13089 28302 12593
31105 21394 32235 20648
44473 48333 45641 47702
12074 4747 12816 4085
21552 4365 22076 3197
33316 31550 34658 30866
11428 14091 12889 13469
48852 8841 50000 8054
2247 25553 3396 24907
18283 26393 19232 25679
35206 20549 36376 19827
23483 1723 25061 1186
11314 30431 12680 29912
14508 6256 16351 5747
9986 37788 10404 36998
2494 17761 3396 16702
12352 41628 13417 41181
37772 34123 38819 33496
46048 33028 46876 32379
13417 30834 14314 30077
40787 47326 41517 46598
46690 16861 47366 15861
7440 14091 8033 13276
34026 2774 35261 2046
2366 4818 3143 4123
16766 36002 17510 34709
36308 40460 37772 39845
30457 20312 31093 19452
34658 31433 35245 30721
41811 26618 43156 26146
44198 37424 44710 36584
26354 21430 27216 20648
8274 42983 9083 41950
20445 22952 21235 22211
1414 47379 2045 46125
16999 12682 17723 11895
14302 3146 14847 2222
22925 42729 23405 41809
44919 41826 46377 41358
17418 46857 18277 46291
34658 35870 35803 35362
34412 28519 35396 27866
2756 2942 3441 1880
7630 11835 8902 11201
11314 35233 12495 34696
18370 30834 19268 30181
37309 45985 37772 45290
33448 46435 34126 45297
17783 29648 19174 29193
17510 35315 18188 34747
15356 30329 16381 29571
27979 7779 28638 7224
19681 6704 20151 5451
8007 41529 8788 40646
12854 32469 13417 31507
28280 17948 29829 17342
22819 25444 23840 24519
40236 3522 41099 2948
37309 47635 37772 45985
7764 48700 8853 48251
14888 19454 15640 18695
44371 33178 45091 31912
38446 46197 39126 45463
4282 1937 5822 1390
25233 17009 25904 15632
24168 15650 25233 15095
45599 49620 46876 49008
36572 16618 37772 15950
44316 36584 45082 35595
15356 29571 16381 28894
7137 15197 8841 14782
40236 2525 41099 1794
47891 16651 48979 15975
37197 42094 37772 41155
24201 16236 25233 15650
46595 5985 47170 4741
31253 30866 31706 29687
32175 48251 33379 47885
40793 26610 41118 25388
31093 20312 32235 19769
5822 12745 7136 12462
41811 30946 42211 29616
16190 26631 17134 25629
44959 21551 45779 20629
42933 20229 43613 19451
12661 21609 13417 20887
40775 48810 41437 48319
2045 47379 2684 46030
20669 16103 21303 14907
24631 24519 24972 23057
21382 36403 21986 34856
27398 3297 27721 2465
7318 8761 8282 7832
44117 9354 44724 8391
37772 24449 38567 23379
47149 7976 48166 7091
29477 30567 29974 29687
10896 20026 11314 17739
24763 18378 25505 17996
42908 22725 43398 20914
45256 1053 46356 339
28551 32197 29361 31305
23046 50000 23781 48849
44756 12593 46531 12199
11314 29912 12680 29443
46876 41196 47163 39723
30892 29687 31524 28360
12256 47831 12977 47125
37772 42273 38949 41696
16440 32316 17556 31501
17230 32564 18473 32316
10429 21074 11314 20026
11314 24985 11951 24405
7318 7832 8282 7110
32221 50000 32530 48947
43398 22725 44037 21775
43622 37808 44919 37424
44475 25327 45173 24790
11428 12794 12889 12359
39622 23396 40259 22855
9042 1329 10024 672
41811 42832 42728 42354
43126 31999 44025 30946
47728 41196 48520 40523
45256 1331 46356 1053
20999 46291 21465 45183
46876 34465 47998 33788
22305 26464 23840 25909
12680 30841 13417 29897
14700 4950 15788 4237
46380 26017 47632 25675
44057 30946 44480 29616
6399 48251 7750 48043
7550 41950 9083 41529
28027 32908 28551 31305
18917 7355 20257 6704
10906 39260 11314 37788
38458 41215 38949 39923
1923 48858 3089 48300
33191 36075 33711 35295
47910 2566 48484 1075
18219 4237 18917 3577
38881 10824 39610 10035
1898 2694 2366 1808
1410 30167 2422 29577
48895 44941 50000 44475
9827 39571 10476 38399
37848 2399 38474 1951
3396 32162 3807 30971
0 50000 380 48236
34887 42804 35558 41835
12062 26232 13417 25712
1797 36871 2482 36022
7550 43701 8799 42983
28345 27547 29045 26994
39711 30922 40403 30266
25748 25673 26108 24519
48208 28635 49071 27681
0 38584 968 37908
25748 26626 26276 25673
1796 27907 2536 27464
18277 47495 18609 46291
40940 33900 41811 32958
24085 41809 25076 41096
41047 45867 41353 44816
21288 37812 22011 36932
29172 39774 29683 38966
22811 30303 23888 29627
19310 27107 20301 26631
5822 30856 6650 30422
24819 10255 25668 9464
10024 442 11367 0
30577 4261 31297 3356
39722 30266 40248 29150
4306 7427 5822 6864
18501 27771 18750 26631
16101 693 17337 0
8282 9869 9282 9034
48979 18188 50000 17704
42211 30946 42956 30463
44037 24790 44379 23615
660 24226 1597 23313
13417 40256 14484 39719
24308 48849 24563 47495
23483 5928 24321 5542
18248 1020 18917 0
18569 6919 18917 5931
41099 1967 42278 1520
30666 48251 31314 47127
19579 4743 21419 4365
28638 11602 29739 11042
38235 20314 38786 19324
29683 39774 30089 38758
16398 47314 16875 45505
33099 28519 33765 27406
44300 1233 44750 0
8374 23044 8898 22417
29264 1948 29501 887
41811 41194 42435 40352
8651 16577 9278 15197
47530 27355 48562 26680
7939 17840 8725 17415
13417 6256 14508 5747
24321 5463 25249 4713
33647 25909 34175 24519
20445 23809 21235 22952
4726 19767 5215 19026
44710 37424 45469 36584
38933 6441 39557 6041
48797 8054 50000 7382
12062 28406 12953 27442
36085 3097 36663 2578
1568 32223 2633 31418
24192 10802 24819 9464
1410 29577 2422 29011
17723 11958 18148 10985
44730 27946 45373 27099
0 28128 1051 27464
39950 5599 41099 4868
16682 41809 17643 41238
42278 2104 43022 951
20310 41809 21946 41353
38233 29150 39172 28400
48613 50000 50000 49609
1590 3848 2366 2694
47945 49350 48613 48289
30668 35744 31146 34021
38650 4485 39673 3888
16190 27771 16901 27186
33825 48956 34799 48033
11314 20547 12570 19802
5822 30422 6925 29836
32235 24519 33053 23518
23235 39566 23745 38183
14314 30834 15356 30077
12222 19541 12763 18957
593 13520 1161 11945
41099 9354 41639 8039
8523 27918 9834 27364
37772 37172 39191 36731
8978 7867 10272 7479
46876 43352 47443 41988
27216 21451 28338 20648
12074 2214 13417 1549
17556 31571 18549 30834
45919 37424 46876 36732
25094 28894 25748 27457
4022 42917 4736 42216
29936 11042 30624 10394
11314 33164 11869 32091
3410 5340 4106 4808
46090 43336 46876 42832
16190 27186 17859 26631
41118 27135 41811 25921
5822 31674 6650 30856
40940 34693 41811 33900
7288 21649 7926 21089
31291 39332 31922 38378
18917 2907 19826 2293
45779 21551 46191 19451
44480 30946 45091 29616
0 34283 1272 33795
11314 17609 12102 16902
30592 27237 31524 26401
27286 5646 28638 5189
21030 40488 21578 39866
46191 20287 46865 19451
20811 32494 21344 31726
3396 18307 4032 17473
47998 33347 49093 33093
24972 23923 25634 23057
6985 39787 7550 39144
4303 28869 4559 27419
18680 14946 19080 13784
44037 20445 44959 19451
5130 10460 5822 9886
14658 38183 15523 37232
8667 47773 10019 47513
29388 5718 30700 5167
9631 24219 10106 22417
45374 10234 46531 9750
38691 8251 39702 7404
22676 4365 23025 3132
27030 28476 28027 27812
47998 32451 49093 31604
3396 22247 4576 21516
19863 35587 20919 34856
35206 23926 35846 22832
48121 35331 48739 34465
47891 20455 48744 19334
34799 49063 35452 48091
47891 18188 48979 17605
10653 23271 11314 22417
30558 24519 31373 23866
35975 33352 36450 32656
6956 35149 7311 33774
29826 22806 31214 22332
25061 2024 25493 1034
14257 28894 14574 26899
30309 29687 30892 28916
29997 48920 30666 48552
41517 46912 42664 46598
45690 29883 46876 29114
46876 29724 48765 29276
40349 32211 40745 30922
4723 16113 5087 14907
2948 26821 3396 25553
4785 20494 5822 19767
968 38867 2482 38585
21235 28894 22775 28606
5133 40657 5578 38992
10215 24523 11314 24219
18112 20893 18903 20275
32263 36400 33711 36075
46871 19451 47891 18730
31533 1356 32268 608
24819 11705 25668 10884
10434 49120 11314 48251
25249 6741 26177 6327
41811 25892 43156 25505
24257 24519 24631 22498
20805 12919 20994 11478
45256 339 46356 0
20571 36932 21986 36403
29028 31305 29860 30567
43206 6767 44117 5985
3039 13826 3705 12441
45271 20629 45779 19451
17391 42377 17994 41809
28974 4713 30085 3871
31458 16461 32291 15645
15959 41809 16682 40758
30107 24776 31524 24519
4263 10502 4673 9406
3396 15701 4371 14907
20482 34480 21717 33708
8856 31674 10686 31190
9735 18188 10896 17739
6634 16446 7137 14755
34947 18556 35211 17009
38421 22855 38733 21248
25076 41568 26432 40899
43926 50000 45599 49600
37365 4485 38207 3522
2326 35149 3396 34323
32399 28519 33099 27406
13417 43321 13987 42422
16381 30834 16772 28894
7550 39198 8266 38482
42075 8562 42976 8240
27597 11356 28638 10661
19853 22211 20294 20893
34726 16259 35420 15364
18283 26631 19784 26393
8853 48700 9745 48251
34026 3097 36085 2774
27318 16001 28021 15182
48421 42778 48990 41737
16351 16582 17057 15484
4771 38327 5596 37676
1991 18713 2354 17761
26177 11458 27045 10646
5822 12462 7136 11835
33635 39845 34477 38821
20301 27718 20798 26631
518 22249 1030 20748
26882 37002 28027 36411
38949 41978 39888 41467
29936 10394 30876 9398
44475 26581 45173 25327
6485 47513 7550 46704
2366 1294 3019 0
23335 34856 23637 33708
36308 49343 36708 47635
37862 11907 38518 10975
955 8666 1611 7682
44329 12593 44756 11342
17418 46291 18219 45253
40259 20700 41811 20314
20836 4365 21552 3197
29056 20648 30457 20184
33155 3097 34026 2046
30906 19452 32235 19002
1610 20748 2159 20082
25495 25906 25748 24519
0 33795 1713 33543
5438 46490 6485 45893
0 15543 782 14662
39172 28607 40152 27965
43584 29616 45091 28978
17374 21643 18079 20893
15386 3099 16397 2431
8282 5203 9455 4747
33711 35329 34658 34737
14728 44009 15393 42917
35286 43657 36308 42804
12193 21609 12661 20887
29488 33915 29916 32908
29504 43711 30666 43027
40914 44816 41469 43756
4239 31102 5023 30478
38446 46598 39957 46197
33889 33794 34658 33295
11367 1329 12074 0
16772 30834 17236 29648
30666 44188 31921 43489
18473 33292 19188 32316
18148 11958 18876 10985
12352 41181 12833 40521
20267 50000 21665 49671
20684 28894 21235 27718
17418 48339 18218 47495
8523 28305 9834 27918
21419 7355 21811 6190
4693 34285 5382 33579
47998 33093 49093 32451
44174 4227 44750 3144
4306 6864 5822 6252
4321 8941 5822 8611
36308 42396 36791 41155
21633 30534 22026 28894
0 36022 1051 35149
3843 36194 5145 35955
15388 41809 15959 40758
4371 15701 4723 14907
23831 20648 24516 19821
5822 27020 7077 26410
45717 41358 46377 40327
10437 30422 11314 29726
21235 28070 22775 27664
43701 5720 44806 4957
40212 34693 40940 34022
15287 13720 16351 12973
29291 23856 29974 23057
38839 18454 40181 18140
9240 3827 9998 2613
38405 38496 38747 37172
17832 7355 18917 6919
48613 48924 50000 48674
28338 22006 29012 20648
5061 46490 5438 45128
27721 3356 28296 2402
25124 43650 26523 43094
24416 18841 24763 17009
46531 9900 48346 9517
26022 48853 26867 47792
34799 46420 35920 46120
42075 8240 42976 7298
30666 50000 31301 48947
0 31505 784 30803
3396 28869 4303 28229
3794 7427 4306 6252
48484 2566 49338 1482
35261 2774 36085 2046
36820 32656 37772 31979
8788 41529 9083 39820
48088 45460 48895 44475
38927 30922 39711 30266
23907 1186 24630 0
23483 12053 24819 11821
14880 31847 15750 30834
33300 29173 34658 28519
18219 46291 18566 45253
17783 29193 19174 28894
12222 18957 12763 17609
19886 12919 20805 12543
21235 27112 22775 26837
9834 27953 11314 27364
7550 38482 8181 37788
37341 8507 37641 7360
40510 44816 40914 42832
5990 50000 6399 49310
11314 40319 11667 39069
38689 43470 39567 42832
5759 43192 6443 42216
24769 28894 25094 27457
41811 35595 42467 34886
22289 47495 23252 47100
44505 17781 45087 16861
26432 41462 28027 40905
22962 14141 23483 13372
43584 28978 45091 28635
694 37496 1155 36871
28974 3871 30577 3356
13417 25589 14753 25043
6399 48043 7750 47513
1272 35149 1713 33795
16875 46619 17418 45505
9137 39198 9827 38482
17374 24777 18485 24066
18007 22211 19170 21643
33944 10012 34609 9263
18207 18269 19211 17413
39072 10035 39702 8771
9827 42983 10882 42157
14945 44538 16398 44009
24563 46596 26022 46291
1480 1808 2366 878
33448 45297 34126 44568
19746 39866 20456 39100
1603 6209 2366 4953
28427 605 29860 0
22334 20648 22871 19539
17723 13784 18876 13313
17643 41497 18600 40758
41811 34441 42467 33178
44527 41723 44919 40541
5020 24734 5822 24312
23781 50000 24563 48849
15584 10219 16351 9609
26432 40363 27386 39432
24819 11975 26177 11705
26125 46291 27058 45692
24321 7618 24900 6060
39172 29150 40152 28607
28388 29687 29045 28346
8801 14091 9531 13276
8277 37788 8886 37108
44505 16861 45300 15861
24085 40407 25076 39790
28705 36532 29511 35744
0 2966 346 1808
3631 10502 4263 9406
9065 22417 9735 21649
24511 35812 25174 34558
33778 30541 34658 29687
14329 44549 14945 44009
29739 11602 31068 11042
48626 46218 50000 45651
22906 2293 23483 738
11314 23652 12535 22913
7357 4820 7698 3117
33316 32017 34658 31550
25628 8160 26177 7618
36282 24519 37070 23540
30666 44802 32641 44429
38567 24449 38923 22855
46090 45384 46876 44656
8830 3827 9240 2807
5159 26401 5822 25551
23745 39566 24085 38183
48744 20455 49245 19851
22011 37155 23234 36932
11314 48280 11661 47125
36609 27490 37070 26640
3410 6252 4106 5340
8338 49296 9155 48700
32245 11290 32781 9781
19886 12543 20805 12006
30666 38875 31291 38201
22716 5008 23483 4365
6630 1851 7259 770
21015 738 22271 0
31533 2972 32414 1976
26548 2465 27208 1991
43622 38191 44919 37808
32341 41299 33021 40805
10746 31190 11314 30422
11428 9251 12168 7947
13150 42940 13417 41628
24631 21948 25721 21603
17992 9069 18876 8418
41265 42832 41811 41808
42667 18847 43085 17985
9998 3827 10544 2613
5822 35149 6426 33774
29112 11042 29464 9398
12040 41937 12352 40319
33021 39845 33635 38821
12880 22913 13417 22174
28638 7938 29817 7450
35585 29704 36276 28519
38879 26329 39349 25388
15396 36002 16766 35515
36904 10933 37862 10035
1582 24710 2247 24226
25447 43094 25878 41809
43034 46598 44096 46043
6983 4490 7357 3117
36567 7476 37341 6441
13417 1445 14009 0
15843 22424 16503 20991
14511 32793 15049 31847
3496 47513 3948 46818
48556 557 50000 0
49093 32709 50000 32328
42075 7298 42333 5985
25174 34525 26190 33708
14753 24747 16190 24333
12256 48620 12977 47831
6350 20312 6910 19256
7518 26364 7881 25156
14189 10084 15078 9741
14945 49114 16535 48651
39673 4868 41099 4373
19110 33708 19911 33292
6132 1851 6630 567
9240 2005 10276 1329
2482 42216 2886 41123
28301 2402 28564 887
2482 39438 3204 38458
23235 41809 24085 40819
44744 44530 45334 43437
20257 7355 21419 6704
3843 37273 5306 36727
15510 17952 15846 17009
21544 14141 22127 13372
18368 32316 19011 31571
49245 18647 50000 18188
5130 9886 5822 8941
16503 20713 16951 19454
41099 3736 43106 3288
15846 17952 16698 17009
49737 25220 50000 23727
13887 49327 14459 48091
39673 4373 40125 3522
0 45655 1485 45009
48088 46218 48626 45460
35846 23540 36166 21774
10024 1329 11367 879
45091 29114 46876 28635
40655 22479 41811 21741
41517 47528 42664 46912
6650 31003 8242 30422
37772 50000 38257 48319
37707 5566 38533 4868
36961 34984 37772 34069
42241 16582 42830 15362
38515 27965 39135 27372
23848 48849 24308 47495
806 6598 2366 6209
49458 43184 50000 42001
41811 40352 43306 39888
3843 36727 5145 36194
25174 36193 26190 35841
12161 7947 13417 7713
11869 33164 12460 32469
36572 15950 37772 15630
28027 30567 28817 29687
12556 24405 13417 23652
15860 44009 16294 42720
41164 28396 41811 27135
14182 5747 14700 4237
26108 25673 26785 24519
25197 2881 26079 2024
48985 47298 50000 46879
47614 5985 48195 4741
19507 11674 19886 10383
22878 46291 24372 45749
32291 13273 33473 12593
26612 29994 27183 28894
18609 46733 20016 46291
0 11945 817 11102
35452 50000 35833 48091
1183 30167 1410 29011
48739 36093 49093 34465
9834 28305 11314 27953
12680 29897 13417 28990
36085 1180 37365 546
47891 14420 49030 13620
19221 21643 19853 20893
17402 2305 18219 1612
41265 41808 41811 40983
30666 45886 31609 45386
36450 33352 37772 32656
47891 13212 49030 12593
41185 16308 41811 15143
42424 39123 43468 38505
17354 8418 18032 7355
21235 20648 22334 19893
6905 29836 7846 29026
40978 36036 41525 34693
37070 22805 37772 21914
840 3511 1590 2694
2709 33004 3396 32223
26655 12257 27597 11458
14847 743 16101 0
6786 43332 7550 42216
34658 33352 35245 32233
39178 47326 40126 46598
45166 46598 46090 45820
37772 29150 38233 28400
42291 29616 43037 28635
35975 32656 36820 31979
33316 33295 33689 32017
19174 29648 19911 28894
10063 28760 10834 28305
40410 10035 41099 8866
5822 7734 7318 7110
45091 34604 45820 33521
46876 46218 47255 45002
15584 11323 16351 10219
48166 8054 48797 6606
26523 43650 28027 43094
15750 33708 17230 33340
39888 41943 40702 41387
31763 22332 32235 21394
36526 26640 36971 25067
22775 27457 23914 26837
1590 4267 2366 3848
47476 21991 48377 21551
45641 48579 46038 47702
38257 49548 38645 48319
23389 19539 23898 18841
9928 6211 10311 4747
40713 8412 41099 6441
10106 24219 10653 23455
49171 25220 49737 23727
6370 7110 7357 6367
0 34669 1272 34283
29826 21017 31105 20648
33504 8482 34685 8043
23483 6875 24321 5928
48517 11239 49330 10514
46356 1075 47539 450
3000 47379 3496 46176
42601 4957 43106 3736
41811 17985 42296 17097
8490 29726 9316 29065
4239 29638 5023 28869
3843 35955 5145 35371
29826 22332 31105 21623
24186 4713 25071 3975
18917 3317 20836 2907
35714 48091 36308 47128
21719 8349 22412 7355
8282 1971 9240 1329
40702 40453 41811 39923
12074 2514 13417 2214
12168 10389 12894 9578
7550 37788 8277 36536
7318 9795 8282 9329
5061 43685 6443 43192
32724 20098 33803 19439
9531 12749 10043 11835
34441 6441 35383 5765
26841 16001 27318 15182
26868 32774 27163 31726
0 10600 817 9650
3396 33097 4239 32162
5822 1851 6132 567
9816 6972 10445 6211
27183 31726 28027 30923
26190 38183 28027 37680
33031 16216 34039 15910
38927 30266 39722 29150
3132 10502 3631 8941
36110 37649 36696 36942
31922 39332 32423 38378
24511 34558 25174 33708
16190 25629 18283 25252
2296 20082 2849 18713
728 32824 1713 32223
31609 45886 32641 45386
10899 22417 11314 21074
15317 16183 16351 15592
17723 12716 18876 11958
44123 34437 45091 33837
24372 44255 25171 43650
31068 12593 31439 11042
2366 10502 3132 9840
30107 27555 31524 27237
40741 25388 41811 24495
19863 37559 21288 36932
9735 19337 10896 19025
11428 5725 12787 5106
39557 6441 41099 6025
28638 9398 28968 7938
38495 25104 39389 24449
37365 1951 38144 856
19342 50000 20267 49630
39956 32211 40349 30922
45679 17781 46432 16861
27721 887 28427 0
42278 2566 43022 2104
10723 47513 11314 46583
19861 18604 20560 17412
7759 33368 9281 32805
968 39869 1508 38867
41164 29150 41811 28396
22040 16655 23483 16061
2131 24226 3396 23647
34404 42804 34887 41338
39192 16308 39758 15143
3396 17473 4192 16550
0 1415 1480 878
33379 49460 34799 48956
49245 19637 50000 18647
9083 41706 9827 40749
41047 46598 42042 45867
8898 23715 9631 22417
36971 26640 37772 25527
31415 32982 32407 32198
25904 16427 26841 15526
11314 24405 12556 23652
5596 38327 6442 37676
47658 48250 47945 47298
13417 19454 13940 17952
14403 15988 15317 15592
1161 13520 1561 11945
29987 29083 30309 27555
27608 26626 28027 24519
13987 43321 14728 42422
14888 18695 15640 17952
19894 44009 20999 43510
3948 47513 5061 46818
12833 40562 13417 39069
2366 8225 2792 7171
19886 13784 21544 13528
43932 39087 44919 38505
12775 37779 13417 37029
8282 4747 9429 4384
21235 28606 22775 28070
1561 9936 2366 9332
5822 14091 6282 13276
19863 36403 20919 35587
35667 11373 36321 10933
0 11102 817 10600
41517 48319 42664 47528
6650 31674 7092 31003
7077 23715 7964 23044
24372 44900 25242 44255
17418 49512 19342 49085
1485 45655 2045 45009
1713 35149 2326 33587
46377 40086 46876 39198
24563 48257 26022 48047
48979 16870 50000 15975
17374 19860 18112 19276
0 29011 1051 28128
36276 30145 36726 29064
24563 49311 26504 48853
32235 18906 33803 18556
0 14662 782 13520
3204 40231 3843 39440
2422 30167 3396 29406
43156 26622 44037 25794
29045 27555 29669 27049
13417 28894 13937 27398
11314 16392 12763 15870
33933 38821 34477 37501
33754 42804 34404 41440
35873 45589 36308 44568
44988 7505 45533 5985
33566 23518 33848 22199
38144 1951 38474 856
45829 11043 46531 10234
15640 19454 16723 18800
8841 15197 9735 14499
38235 19324 38786 18454
5822 17326 6541 16446
4783 21147 5822 20494
22412 8382 23483 7795
3705 12964 4673 12657
18876 7623 19990 7355
43670 1233 44300 0
8612 47513 9453 46522
19179 24777 20445 24433
0 39869 968 39438
20301 28894 20684 27718
15788 4950 16351 4237
36122 18556 36687 17009
21419 5253 22323 4365
44505 13291 45167 12593
43096 35595 43529 34229
5133 41185 6442 40657
32781 12593 33570 11817
26785 25509 27608 24519
37341 9005 38263 8507
43156 27592 44037 26622
49093 32328 50000 31604
11314 35570 12481 35233
11314 18827 12222 18078
21235 22498 22306 21941
24900 7618 25249 6060
5822 17840 6541 17326
14605 15592 15287 14824
10882 42983 11314 41661
43606 4227 44174 3144
13417 23786 14753 23331
9916 10737 10572 9553
11897 15870 13417 15254
16060 40758 16503 40095
13417 40758 14484 40256
9429 4747 9933 3827
42571 12593 43384 11632
37772 35201 38729 34693
14099 37278 14658 36002
0 18355 1339 17761
24702 30848 25747 30509
20232 1815 21502 1498
5822 24122 6404 23375
38879 26801 40152 26329
21465 46291 22143 45183
17843 24066 18485 23078
36324 21221 37070 20549
16695 37929 17817 37232
41860 11360 42571 10510
41239 18077 41811 17129
26841 13532 28302 13089
9709 30422 10437 29726
45829 14750 47009 14043
20291 26631 21235 25679
15740 26511 16190 25589
344 42971 1299 42216
12062 26842 13417 26232
1561 11172 2366 10549
21235 25909 22699 25444
23500 18321 24416 17963
24404 33708 24689 32421
16535 49114 17418 48651
40638 32958 41811 32211
29655 15182 30372 14178
32470 18556 33048 17613
759 36871 1797 36022
11314 20887 13417 20547
13417 26899 13788 25589
30624 11042 31061 10394
592 7682 806 6209
19579 5451 20293 4743
5822 18405 6891 17840
9638 11265 11428 10737
13417 10559 14189 9772
39110 34693 39956 33600
28027 44135 28373 42305
27438 46291 28027 44900
40702 42832 41265 42284
6351 36727 6797 35948
27442 37680 28027 37002
15049 32793 15750 31847
37862 12593 38518 11907
47632 26017 48731 25413
47890 11832 48789 11239
15079 28181 16190 27383
43912 2566 44159 1233
19431 4365 19998 3317
44744 46598 45166 45820
22899 48849 23848 48082
17374 20893 18112 19860
49030 15092 50000 14546
34609 10630 35320 9592
5227 13218 5822 12031
28027 28346 29045 27547
9195 25263 10215 24833
49528 22813 50000 21551
49245 20974 50000 20472
30871 13840 31325 12593
14953 33708 15750 32793
13978 7955 15282 7439
33155 2046 34252 1332
16902 4237 17498 3467
8033 14091 8801 13276
42889 7298 43206 5985
40451 36982 40983 36036
16101 1612 17337 1002
46038 19451 46378 17781
32235 22013 33045 21016
817 10037 1561 9332
49730 33910 50000 32709
31105 22332 31763 21394
7550 36536 8277 35890
10276 2005 10850 1329
32151 41879 33021 41299
16190 23494 16851 22424
44651 23615 45830 23034
22305 26837 23840 26464
15750 32316 16440 31501
23483 2024 25061 1723
44756 10234 45374 9354
17971 26631 18283 25629
22040 16061 23483 15698
29464 26006 30107 24519
37196 48599 37772 47635
21235 18315 21993 17372
3705 13826 4673 12964
38263 9290 39072 8251
13417 11323 14189 10559
3396 33579 4239 33097
11314 28406 12062 27194
40731 16308 41185 15143
15351 47314 15928 45984
38819 34693 39110 33600
9453 47513 10723 46962
42367 24711 43297 23919
21651 42153 22925 41809
35743 13425 36572 12593
26453 20101 27354 19313
35743 14090 36572 13425
30372 13628 30871 12593
28871 40854 29780 40128
43932 41723 44527 40541
34533 19827 35419 18949
13417 50000 13887 48091
45300 16861 46094 15861
29962 6975 30814 6117
23898 19539 24576 18841
10431 46583 11314 45727
41811 16582 42241 15362
34658 36261 35803 35870
21235 19893 22334 19178
346 2966 840 1808
0 26145 399 24967
39956 32958 40638 32211
41638 5985 42111 4957
44025 31527 45091 30946
42976 9354 43413 7298
24702 31726 25747 30848
45256 1869 46356 1331
44744 45820 46090 45403
13417 47000 14512 46584
42435 41194 42903 40352
46876 36924 47728 36093
7137 16077 8017 15197
6933 45128 7220 43822
44037 27099 45373 26581
5578 40657 6123 38992
45474 12199 46245 11043
47728 39522 48233 37950
20798 27718 21235 26631
36609 28519 37772 28224
11314 28745 12680 28406
5302 6252 5822 5384
39317 48810 40775 48319
38923 23991 39622 22855
16851 24777 17374 23388
4106 5384 4835 4882
29780 40452 30666 39774
32291 13932 32972 13273
30892 28360 31524 27555
7550 45535 9453 45197
47397 29276 48765 28635
36726 29357 37772 29064
13417 34619 14067 33708
15287 14266 16351 13720
15079 28476 16190 28181
20748 10383 22492 9848
24949 38183 26190 37560
21235 26145 22305 25909
16707 42996 17391 42453
23889 33708 24404 32421
2535 48300 3089 47379
48166 8841 48852 8054
21419 6190 22323 5553
4736 44026 5061 42216
8282 10737 9282 9869
31221 42804 31912 41879
30309 28916 30892 27555
41811 37372 43051 37004
6585 21089 7038 20312
10544 3827 10850 2613
36357 34984 36961 34069
48121 36093 48739 35331
38650 3888 39673 3522
40850 14502 41811 14092
45837 38391 46876 38047
393 32223 1568 31505
9309 36864 9986 35890
18453 38183 18705 37079
8365 50000 9745 49592
23195 18841 23500 17577
20919 36403 21382 34856
44159 2566 44750 1233
12168 9578 12894 8590
11428 7947 12161 7094
14753 24333 15602 23331
40745 31353 41811 30922
28817 30567 29477 29687
2482 37350 3113 36403
18428 40758 19746 40097
26079 851 27194 0
42571 11632 43384 11268
33127 7239 34685 6978
18419 19276 19007 18269
43384 11962 44329 11342
38353 47137 39178 46598
30577 4713 31774 4261
10653 24219 11314 23271
2510 43601 2978 42216
7550 41529 8007 39820
6399 50000 6811 48700
33175 34737 33889 34197
13417 4237 13770 2974
20232 1215 21502 738
10850 4215 11721 3370
1051 35784 2482 35149
45484 4957 46595 4227
34799 45589 35394 44568
2247 26821 2948 25553
36641 23540 37070 21774
38839 17715 40181 17129
40126 47326 40787 46598
25634 24519 27089 24108
37772 38080 38405 37172
43156 25794 44037 25505
10068 35149 11314 34735
35206 22832 35846 21774
38391 36731 39191 36036
1051 29011 1796 28166
46531 12593 47709 11832
4797 16550 5822 16113
19746 40488 21030 39866
0 22249 518 20748
2684 47379 3000 46176
6443 45128 6933 43822
26890 34881 28027 34391
464 41432 758 39869
37772 44816 38764 44443
18586 17009 19080 15484
45380 35595 46155 34604
17832 5343 18917 4897
28565 26120 29045 24519
7630 11201 8902 10737
18649 39355 19746 38772
38474 991 39111 0
8282 6211 8733 5203
4300 42216 5133 41135
26029 44900 27163 44370
38353 47956 39178 47137
28189 4713 28691 3356
8325 39820 9827 39198
32930 9781 33944 9164
26504 50000 28027 49482
46876 33036 47998 32516
17374 22211 18007 21643
35974 34069 36837 33352
5228 38992 6442 38327
3396 20494 4154 19767
23954 17009 24800 16236
37467 35921 37772 34984
35876 27731 36609 27192
27208 2465 27721 851
49146 39594 50000 39056
9316 29726 10063 29065
24511 37560 25502 36835
42830 16607 44505 16292
12816 4747 13417 3536
19342 49630 20267 48953
28638 12593 29270 11602
48444 25091 48731 24003
31291 37581 32498 36942
15611 23331 16190 22424
4321 8611 5215 7831
33944 11931 34609 11019
49093 33910 49730 32709
22127 14141 22962 13372
19080 14391 20126 13784
28638 7450 29543 6634
49146 39056 50000 37950
20126 14638 20669 13784
28027 46697 28460 45340
43306 40352 43932 39888
11314 36200 12481 35570
22730 44649 23232 43650
3113 35706 3843 35149
16351 5185 17151 4795
23232 44649 23810 43650
13417 46233 14512 45608
14890 40095 16503 39719
36837 34069 37772 33352
30666 44429 31921 44188
27002 27812 27430 26626
40755 20314 41371 19043
45287 15861 46703 15271
21986 36234 22864 35328
21502 2293 21873 738
28638 5718 29388 4713
48166 6606 48995 5985
42155 15362 42830 14056
22597 3132 23483 2293
541 30167 1183 29011
36572 14723 37772 14147
48613 49609 50000 48924
7698 3619 8282 3117
11314 19541 12222 18827
40403 30922 41811 30266
42075 9354 42976 8562
6578 22417 7350 21649
22076 3132 22597 2293
42211 30463 42956 29616
33155 997 33956 0
32016 38378 33021 37581
1923 48300 2535 47379
42467 35595 43096 34229
32235 20761 32907 20098
31439 12593 31867 11042
1798 41399 2482 40920
28027 50000 29461 49550
7550 44500 8730 43953
17230 33292 18473 32564
45100 3444 46595 3105
32677 47127 33379 46435
11428 13469 12107 12794
31325 14127 32291 13688
18514 36002 19863 35315
47284 15861 47891 14750
6404 24122 7077 23159
29045 29083 29384 27555
29501 1948 30186 887
31774 4713 33155 4261
45287 15271 46703 14750
22730 45183 23810 44649
1177 47379 1414 46125
19268 30834 19911 30181
8282 6972 9394 6211
27286 8700 27979 7728
5822 11835 6828 11210
39135 27965 40152 27372
4792 50000 5990 49310
3396 23021 3852 22247
12074 3000 12816 2514
1928 16702 2366 15682
28996 13532 29346 12593
7881 26129 8523 25420
35396 26043 36236 25324
3396 30971 4239 30086
5061 44882 6443 44358
46727 14043 47891 13525
18917 6704 19681 5451
21235 17372 22610 17009
46851 28635 48208 28092
13417 32793 14011 31847
7759 32805 9281 32515
47632 24003 48658 23345
46341 30519 46876 29883
9076 672 10024 0
45469 36243 46876 35595
2792 13826 3039 12441
0 42971 344 42216
25505 19350 26453 18556
16351 9349 17354 8559
8902 11835 9638 10737
45255 18897 46038 17781
17374 19276 17926 18269
41261 39923 41811 38760
29860 887 30693 0
14605 14824 15287 13442
6716 33774 7399 32515
41811 17097 42830 16582
46748 6272 48166 5985
33803 19827 34533 18556
37772 21973 38421 21248
16723 19454 17374 18800
36696 38285 37772 37679
47620 32516 47998 31604
45100 4227 46595 3890
8282 3827 8830 2807
9195 26084 10215 25263
5822 11210 6828 10737
9745 49120 10434 48251
15396 35152 15751 33708
23527 23340 24257 22498
42664 50000 43420 49008
8282 2807 9240 1971
40687 29150 41164 27135
2482 36403 3113 35149
25230 33064 26536 32774
6811 50000 7513 48700
45533 7262 46129 5985
23894 47495 24563 46291
23420 22283 24631 21642
28165 14086 28906 13532
2978 43601 3496 42216
8523 26084 9195 25413
3396 26350 4157 25515
1536 45009 2197 43601
41811 37728 43051 37372
31651 41299 32341 40786
10068 33695 10874 32869
5061 43192 5759 42216
43297 24711 44037 23919
0 23313 1597 22796
3843 35371 5145 35149
21986 36932 22864 36234
44001 48333 44473 47702
10423 45727 11314 45295
32175 47885 33379 47127
20548 6704 20999 5451
0 30167 541 29011
47466 46218 48088 45002
21419 5553 22323 5253
11428 5106 12787 4747
32764 30541 33778 29687
35833 50000 36308 48091
49461 35387 50000 33910
34205 48033 34799 46435
46999 27681 47530 26017
30666 47127 31883 46435
38458 18454 38839 17129
44737 35595 45091 34437
19328 47495 20016 46733
29056 19293 30457 18885
32245 6441 32579 4713
3089 48045 3496 47379
5478 47513 6485 47251
38257 50000 39317 49548
12102 17609 12763 16902
40212 34022 40940 32958
7077 26364 7518 25156
31301 49330 32221 48947
30666 42804 31221 41879
25593 4713 26079 3975
41811 27709 43156 27329
7318 10737 8282 9795
28302 13532 28996 12593
1386 41399 1798 39869
46380 23705 46872 22813
8725 16906 9735 16577
0 878 650 0
1177 46125 2045 45655
26079 4713 27189 3974
24576 19539 25505 18841
29683 38758 30666 37851
10469 27002 11314 26321
48263 26680 49071 26017
41099 2566 42278 1967
10311 6211 10660 4747
35667 10035 36365 9328
25668 10356 26177 9464
30514 18075 31716 17714
4234 40286 4846 38992
29511 36942 30636 36108
36365 9101 37341 8482
13873 5747 14182 4237
28871 40128 29780 39774
28894 2809 30693 2402
41811 38505 43051 37728
6577 9918 7318 8829
34799 48091 35714 47128
12062 25238 13417 24985
35743 15364 36572 14701
2366 2942 2756 1880
15079 27383 16190 27162
6910 20312 7802 19256
9735 22417 10024 21074
0 3321 840 2966
27189 4713 27721 3297
19911 31726 20930 31419
47009 14750 47891 14043
34146 4004 35122 3097
39754 1794 41099 1147
25076 40265 25582 39384
39389 25388 40259 24449
8492 35149 8721 33774
11744 46787 12765 45898
14009 1445 14531 0
42830 14767 43565 13908
11314 36776 12459 36200
14426 19454 14888 17952
4673 10460 5130 8941
31291 41299 31651 39853
3396 24292 4020 23660
35825 17009 36572 16259
5105 32608 5822 31964
3705 12657 4019 11573
42726 28635 43156 27709
12029 22913 12880 22174
37070 20617 37772 19827
11428 11417 13417 11142
43364 42832 43932 41542
10850 3370 12074 2652
33134 5704 34441 5294
39191 38613 39716 37795
3496 50000 4300 49186
25071 4713 25593 3975
31533 1976 32414 1356
29669 27555 30107 26006
2326 34323 2709 32223
10572 9554 11428 8454
47891 14958 48572 14420
35996 5290 37365 4713
33516 9164 33944 8482
9455 6211 9928 4747
13417 48091 14129 47000
18951 45643 19551 44750
33944 9263 34609 8482
39957 46598 41047 45939
24819 12593 26177 11975
21946 40939 23235 40488
25242 44900 26029 44255
33912 27406 34469 26730
2366 8941 3410 8225
26538 28894 28027 28476
30372 14535 30871 13628
31301 50000 32221 49330
25668 11705 26177 10356
0 19120 2296 18713
28280 17342 29829 17009
43413 9354 44117 8635
31774 36942 32263 35295
38533 6441 38933 4868
13417 23331 14362 22424
9847 35149 10068 33831
43583 17985 44505 17097
9735 16966 10468 16082
28514 41850 29780 41280
22178 44410 22730 43650
43472 19451 44505 18847
31170 7450 32245 6975
46030 23034 46380 21551
40894 13555 41811 12593
16732 25252 18283 24777
34039 14900 34726 14206
37848 3522 38474 2399
39772 19184 40755 18454
8125 22417 9065 21649
43037 29616 43584 28635
48473 19334 48744 18188
7846 29726 8490 29065
44505 19451 45255 18586
41099 1520 42278 936
27286 6913 27979 6271
5822 19256 7254 18699
18705 38183 19043 36002
36572 13357 37772 12593
2935 18713 3396 17761
36308 43019 37197 42396
3496 45126 5061 44818
1796 29011 2536 27907
45469 36732 46876 36243
464 42216 1386 41432
15396 35515 16766 35152
20232 2293 21502 1815
30457 19452 30906 18556
31096 9398 31664 7938
14249 29752 15356 28894
44241 42832 44919 41723
32501 25277 33647 24519
43905 47176 45231 46598
44750 2566 45256 1482
31576 10394 32245 9398
48520 39110 49146 37950
18283 25206 19652 24777
0 30803 696 30167
7077 24219 8679 23715
49333 37101 50000 36093
43384 10531 44122 9810
33021 40989 34404 40698
17498 3580 18219 2305
41811 31754 42703 30946
17151 5745 17832 4754
9735 20026 10896 19337
36791 42396 37197 41155
3089 50000 3496 48045
29916 33891 30668 33062
8007 40646 8788 39820
36645 47635 37309 46530
21303 16103 21544 14405
12894 10389 13417 8771
1603 4953 2366 4267
34658 36942 35803 36261
34469 27406 35396 26730
23840 25850 24460 24519
37772 43470 38689 42832
31524 28519 32399 28127
43529 35595 44123 34175
30514 18556 31716 18075
23483 4205 24186 3264
7713 1851 8282 1203
37772 38929 38405 38080
43034 46043 44096 45444
24563 48047 26022 47589
32831 27406 33912 26730
9745 50000 11314 49506
13417 17009 14403 16338
22135 34458 23335 33708
41811 36070 43051 35595
5822 23375 6404 22417
22541 48849 22899 48082
18750 28894 19310 28146
10068 34155 11314 33695
46876 29276 47397 28635
18032 8418 18876 7355
21986 35328 22864 34856
28906 14529 29655 13532
7399 33774 7759 32515
43529 34175 44123 33178
32641 43825 33448 42804
45757 24508 46380 23615
46244 32379 46876 31854
48789 12593 49603 11705
34441 5765 35996 5483
39191 37795 39528 36036
6442 38855 6985 37676
694 37908 2482 37496
34238 43657 35286 42804
37365 856 38474 0
12883 15254 13417 14091
3396 28229 4303 27550
14329 45608 14945 44549
4590 19026 5822 18307
31524 25909 32501 24923
29817 7938 31115 7450
20267 48389 21665 47938
17374 24066 17843 22211
761 5141 1603 4267
12894 8771 13417 7947
1611 9332 2366 8478
37070 24519 37772 23608
5822 8072 7318 7734
16503 40758 17497 40097
15750 33013 16170 32316
23888 30626 24702 30166
6399 48700 7764 48251
27544 43094 28027 41809
29461 50000 29997 49407
28705 36942 29511 36532
7136 13276 8317 12861
34126 46435 34799 45116
38923 24449 39622 23991
5822 29026 6723 28305
17556 32316 18368 31571
41811 32170 42703 31754
427 5141 761 4267
24631 22458 26171 21948
22811 29627 23888 28894
39112 19002 39772 18454
26889 39432 27543 38183
38514 36036 39192 35201
31921 43998 32641 42804
18600 41809 19746 41514
23483 7618 24321 6875
32291 16031 33031 14804
41811 23533 42579 22725
30693 2458 31533 2152
33300 29687 34658 29173
29384 29083 29987 27555
47632 25413 48731 25091
31883 47127 32677 46435
31314 47566 32175 47127
33155 4004 34146 3097
6577 8829 7318 8072
2482 38458 3843 37896
23483 11265 24819 10802
15751 35152 16144 33708
48744 19851 49245 18188
0 24967 1220 24226
45829 13525 46372 12593
47539 1075 48134 0
36971 25527 37772 25067
34726 13524 35743 12593
42728 42832 43364 41542
17810 30834 18370 30181
22492 9716 23483 9399
45757 25328 46380 24508
23483 10802 24192 9464
28906 15182 29655 14529
18485 22856 19179 22211
37772 13555 39576 13139
5822 24879 7077 24122
47492 29992 48973 29724
28027 38849 28838 37908
45751 32379 46244 30519
26177 9212 27597 8700
6485 45824 7098 45128
38819 32653 39605 31717
9155 49296 9745 48700
40259 22479 40655 21741
11314 22174 12012 21609
9531 13363 10784 12749
17391 44009 17994 42789
46129 7262 46748 5985
12352 42940 13150 42102
46090 46598 46876 45384
3441 2942 4134 1937
0 40948 464 39869
13417 41809 15388 41454
37772 34693 38819 34123
28027 42305 29780 41850
41811 19451 42637 18847
4032 18307 5081 17473
34418 21016 34634 19827
35460 39845 36428 39135
1133 27464 1847 26821
25393 14361 25904 13242
45167 13896 45829 12593
5438 45893 6485 45128
48195 3993 48942 3145
16351 10985 17354 10090
9453 46962 10723 46583
17418 45253 18951 44710
21235 19178 22334 18841
43410 1233 43670 0
3496 43910 4022 42216
47170 5985 47614 4741
34039 17009 34726 15694
33021 38821 33933 38387
19863 34856 21717 34480
22871 20648 23507 19539
3396 23660 5020 23347
30135 9398 30698 7938
42111 5553 43131 4957
3705 11573 4673 11195
20999 6704 21419 5451
5145 35948 6343 35149
7550 39820 8325 39198
15393 42047 16707 41809
49187 9754 50000 8841
5822 4490 6483 3117
4106 6252 5302 5791
31889 4261 33155 3742
16351 14116 17709 13784
28027 45340 28980 44923
25174 35841 26190 35046
4192 17027 5822 16550
26841 14086 28165 13532
47891 21199 48469 20455
44037 20984 44959 20445
44037 28635 45373 27946
24689 33708 25230 32421
11314 37314 12459 36776
29697 47906 30226 46137
28027 40854 28871 39774
20811 33708 21344 32494
22150 14513 23483 14141
37772 25388 39389 25104
427 5547 1603 5141
14232 26899 14574 25589
22026 29717 22811 28894
49572 41196 50000 40319
46378 18202 47891 17781
6238 37115 7550 36727
15078 9609 16351 9015
13417 2421 14302 1445
25878 43094 26345 41809
15480 48651 16013 47314
35350 34069 35974 33352
19886 13528 20626 12919
44037 21551 44959 20984
15602 24333 16190 23331
8730 44500 9453 43953
24085 39790 25076 39323
14302 2222 14847 1445
24085 41096 25076 40407
14930 23331 15611 22424
20836 3197 21644 2293
20669 14405 21544 13784
25230 32205 26442 31726
37772 15071 38270 13555
13417 24076 14753 23786
13417 44009 14728 43321
3396 33993 4693 33579
45091 33521 46876 33028
17922 44710 18951 44009
46876 38104 47728 37438
16351 12682 16999 11895
42571 10501 43384 9354
3396 21516 4576 21147
18750 28146 19310 26631
20366 8034 21304 7355
46380 25228 46794 23705
4239 31499 5105 31102
46356 1859 47562 1075
47606 47298 48985 46728
3496 46129 5061 45717
37772 23379 38567 22855
41811 41542 43932 41194
35558 42804 35935 41338
44037 26581 44475 24790
35996 5863 37365 5290
23234 35796 23964 34856
43156 28635 44037 27966
43131 5985 43701 4957
2366 11545 2914 10502
41086 23833 41293 22479
44379 24790 45173 23615
2566 27464 3396 26821
9278 16577 9735 15197
12570 20547 13417 19541
27354 19110 28259 18556
23507 20648 23831 19539
13417 21971 14360 21217
40983 36982 41811 36036
22135 34856 23335 34458
19080 16099 19453 14391
34887 41835 35558 41338
1597 24226 2131 22575
0 36871 759 36022
7189 2273 8282 1851
38949 41467 39888 40953
41811 33178 42703 32170
42703 33178 43126 30946
22878 45749 24372 45183
11314 29443 12680 28745
5930 42216 6442 41435
23234 36452 23964 35796
12352 40521 12833 39069
40850 15143 41811 14502
4693 35149 5382 34285
3113 36499 3843 35706
42933 20914 43613 20229
817 10624 1561 10037
20994 12919 21544 11478
19996 10383 20748 9794
12833 41181 13417 40562
13417 34975 15396 34619
6174 33774 6716 32515
35309 34984 36357 34069
45374 9750 46531 9354
817 11945 1561 11110
8978 7479 10272 6972
33021 40698 34059 39845
15386 2431 16397 1612
6370 5360 7357 4490
7881 27020 8523 26129
48195 4549 48942 3993
36803 39845 37772 39520
13417 24829 14753 24637
43977 18847 44505 17985
39888 40407 40702 39923
26538 28476 27030 27812
39716 39923 40451 39197
17498 4237 18219 3580
34658 35362 35803 34984
43106 3144 43639 2566
33765 28519 34412 27406
39072 8771 39702 8251
11869 31507 12388 30841
40811 23833 41086 22479
15287 15085 16351 14266
19179 23919 19970 22798
17926 19276 18419 18269
16355 50000 16873 49114
38518 12593 38881 10975
12787 7094 13417 5770
38635 6725 39702 6441
42664 47354 43905 46598
40236 2948 41099 2525
13788 26899 14232 25589
6577 10737 7318 9918
42830 15748 43565 14767
32764 30866 34658 30541
4613 2942 4985 1937
26276 26626 26785 25673
18283 25679 19652 25206
14700 5747 15412 4950
44919 42832 45854 42150
3396 14907 4276 13826
4134 2942 4613 1937
40755 19043 41371 18454
20626 13528 21544 12919
18649 40097 19746 39355
23483 5542 24321 4713
13417 45608 13712 44009
16351 13784 17723 13084
7513 49296 8338 48700
962 20082 1446 19120
37197 43019 37772 42094
12765 47125 13417 45898
22497 23669 23211 22498
31716 17867 32470 17009
46244 31854 46876 30519
24430 43094 25447 42549
48023 43262 48990 42778
38217 30325 38927 29150
44744 43437 45334 42832
22410 12985 23483 12181
1581 14353 2366 13520
36405 19827 36861 19053
3410 7831 4996 7427
11314 22913 12029 22174
38813 15143 39267 14432
47042 10514 48346 9900
17230 33708 19110 33292
7038 21089 7926 20312
31564 48947 32663 48251
26079 1645 26548 851
10850 4747 11721 4215
38881 11416 40435 11189
6630 770 7259 0
6483 4490 6983 3117
30666 39817 31291 38875
25225 50000 26504 49311
16144 35152 16766 33708
19629 2293 20232 738
20076 45043 20999 44009
49093 35387 49461 33910
47149 7091 48166 6760
34252 2046 34931 997
15282 7799 16351 7439
33045 22199 34334 21843
28793 33915 29488 32908
29464 11042 29936 9398
31325 13688 31640 12593
40181 18077 40808 17129
31533 3356 32414 2972
38270 15071 38813 13555
15393 44009 15860 42720
12062 27442 13417 26842
38764 43897 40013 43470
17236 30834 17810 29648
11428 12359 12889 11984
16698 17952 17374 17009
24511 38183 24949 37560
35451 7476 36567 7174
25155 9464 25628 7618
38405 39923 38830 38496
20930 30454 21633 29640
16190 25252 16732 24777
13417 13788 14294 12973
17510 36002 18514 35315
782 15155 1928 14353
33045 21843 34334 21455
31297 4261 31889 3356
399 26145 1220 25786
29683 37851 30666 36942
16827 8559 17354 7355
27089 24519 27954 23643
32501 25909 33647 25277
45829 14043 46727 13525
38819 31717 39605 30922
7881 25420 8523 24219
39702 8412 40361 6958
25174 36835 26190 36193
33689 33295 34391 32017
33473 13273 34039 12593
45837 38047 46876 37424
34177 36942 34658 35776
696 30803 1568 30167
48797 7382 50000 6606
0 24226 660 23313
23420 21642 24631 21337
48942 5985 50000 5464
35184 997 36085 0
13922 41454 14338 40758
28638 6634 29543 5718
18876 8543 20366 8260
38830 39923 39191 38496
39716 39197 40451 38537
33053 24519 33753 23518
23025 4365 23483 3132
46432 17781 46935 16861
4276 14907 4946 13826
27815 23643 28879 23057
42042 43625 43034 42832
26890 43094 27544 41809
20999 42729 21651 41809
18876 9794 20748 9399
0 35149 1272 34669
24511 36835 25174 35812
34726 15364 35068 14303
8968 20312 9735 19720
11314 33792 12495 33164
18255 10985 18876 9553
32414 1894 33155 1356
14811 39719 15351 39042
19652 25679 20048 24777
8886 37788 9986 37445
20267 47938 21665 47495
48572 15975 49030 14420
9019 27364 9432 26084
5383 48394 6399 47513
22741 11533 23483 10383
14753 25589 16190 25203
47891 17069 48979 16651
35315 5483 35996 4713
28564 2402 29264 2007
42467 34229 42855 33178
4239 30478 5023 29638
3496 49186 4300 48637
34059 40698 34404 39845
48484 1482 50000 1075
32831 26730 33647 25909
18079 21643 19221 20893
35975 31069 37772 30721
23889 32421 25230 31726
23483 11821 24819 11265
23405 42729 24430 41809
43051 38505 43622 37424
2482 41123 3458 40231
27569 48853 28027 47282
9735 17739 10573 16966
35803 35921 36551 34984
17134 26631 17971 25629
39649 33600 39956 32653
43034 45444 43491 44455
35383 6441 35996 5765
14945 45984 16398 45549
49330 11239 50000 10514
6478 28305 6911 27020
46865 21551 47891 21225
427 6209 1603 5547
2366 9840 3132 8941
30668 34021 31774 33295
15079 28894 16190 28476
24563 48853 26022 48257
26177 10646 26812 9837
4792 49310 5383 48712
17418 44710 17922 44009
6485 46704 7098 45824
13417 9772 14189 8815
25505 17846 26310 17009
25249 6327 25769 4713
14604 6573 16351 6256
10445 6972 11428 6211
44744 45403 45334 44530
0 20082 962 19120
34658 29519 35585 28519
44117 7849 45533 7505
16766 34709 17510 33708
14512 48091 14945 46788
40259 23833 40811 22479
28027 31305 29028 30567
44025 33178 44371 31912
3396 21147 4783 20494
46372 13525 46768 12593
15928 47314 16398 45984
8365 49592 9745 49296
7802 20312 8300 19050
34653 44568 35331 43657
43384 9810 44756 9354
24085 39323 24444 38183
8282 672 9076 0
42111 5985 43131 5553
43191 49008 43658 47702
23831 19821 25505 19539
32470 17613 33557 17009
28345 26994 29045 26120
42536 14056 42830 12593
5822 21089 6585 20312
16351 4795 17151 4237
49146 40319 50000 39594
1508 39171 2482 38867
25076 39384 25870 38183
28021 15795 29338 15182
18876 9399 20366 9035
47055 4228 48195 3449
26310 18556 27294 17868
10215 25300 11314 24523
9281 32123 10068 31674
15640 18800 16445 17952
17723 13313 18876 12716
12140 11142 13417 10389
16503 39685 17180 38803
10660 6211 10990 4747
33934 18556 34400 17009
25634 24108 27089 23496
45173 26581 45757 25218
26177 12593 27597 12257
23235 40819 24085 40135
45820 34333 46876 33521
28227 9801 28638 8700
14189 10841 15078 10084
35876 27192 36609 26640
29997 50000 30666 48920
44750 4227 45100 3144
31912 42804 33021 42396
48023 44475 48651 43262
14403 17009 15317 15988
18219 3577 18917 2640
11428 7094 12787 6416
29962 6117 30814 5718
13417 37278 13778 36002
26882 36411 28027 36032
11314 15870 11897 14850
7077 27020 7881 26364
29045 26006 29464 24519
31921 44429 32641 43998
43635 44455 44071 43296
30668 33295 32764 32982
43491 45444 44252 44455
48895 45460 50000 44941
12256 49330 13417 48620
22959 43650 23582 42729
30666 48947 31170 48251
784 31505 1568 30803
10850 2652 12074 2374
2321 30768 3396 30167
12889 13308 13417 12216
33379 50000 34799 49686
14951 39042 16503 38547
48942 3106 49637 2566
9195 24833 10215 24219
34400 18556 34947 17009
47443 41924 48023 41196
7550 35890 8591 35149
10850 2374 11582 1329
399 25786 1220 24967
16351 13084 17723 12682
32663 48947 33379 48251
26548 3297 27398 2465
23483 3264 23970 2024
25748 26923 27002 26626
38819 33600 39649 32653
25230 32774 26442 32205
3019 15854 3396 13826
2992 45009 3496 43601
33155 1332 34252 997
36572 14147 37772 13357
36376 20549 37070 19827
24372 46291 25056 45418
22811 31144 23888 30303
26453 19313 27354 18556
23888 30166 24702 29638
14403 36002 15396 35357
16875 47314 17418 46619
26504 49482 28027 48853
41811 28635 42726 27709
31889 3742 33155 3356
25747 29433 26612 28894
19453 15338 20126 14391
44919 40327 45444 39198
7926 21258 9735 20939
10024 879 11367 442
42830 16292 44505 15748
26022 47792 26867 47282
9827 42157 10339 40691
18112 20275 18903 19276
9453 45727 10148 44876
16503 40097 18649 39685
23211 24519 23527 22498
16682 41238 17643 40758
5061 45128 6443 44882
23970 3264 25197 2790
13770 4237 14302 2974
0 9332 779 8666
4829 1390 5418 0
15633 4237 16397 3099
32781 10326 33944 9781
26190 34480 26890 33708
46155 35595 46876 34604
31061 11042 32245 10394
23582 43650 24048 42729
19863 36932 20571 36403
10215 26084 11314 25300
48035 30924 49091 30637
20267 49671 21312 48772
4673 10876 5822 10460
5159 27845 5822 27203
13417 31321 14880 30834
13417 38183 14134 37278
3807 32162 4239 30971
46876 48250 47658 47298
25904 13487 26841 12593
35938 4713 37365 4091
13417 42422 14266 41809
15225 7439 15720 6573
26171 23057 26445 21948
23888 31726 24702 30626
21235 21460 22258 20648
18161 39685 18649 38803
40259 21292 41811 20700
46876 50000 47576 48974
33175 34197 33889 33295
38764 44272 40013 43897
32291 17009 33031 16031
2422 29406 3396 29011
10955 37788 11314 36540
19746 41353 20701 40488
35938 4091 37365 3774
46876 36093 47324 34465
22775 28097 23786 27457
48195 5045 48942 4549
5822 10368 6577 9311
28259 20648 29056 19724
27668 17009 28019 16001
1339 18713 1991 17761
29860 31305 30668 30567
19011 32316 19911 31571
24702 30509 25747 29639
47583 9517 48346 8841
35206 24519 35846 23926
35246 37993 35584 36942
20589 20893 21235 19902
26310 17418 27294 17009
36308 45940 37309 45290
13417 27398 14257 26899
3243 12441 3705 11545
12459 37779 12775 36200
46876 48974 47945 48250
35975 31979 37772 31452
45481 23034 46030 21551
45100 3105 46595 2566
28259 19724 29056 18556
2864 7171 3410 6140
36572 17009 37772 16618
41811 18847 42667 17985
45820 34604 46876 34333
33021 38387 33933 37501
21708 24519 22497 23609
38263 10035 39072 9290
30666 38201 31291 36942
37772 28400 39172 27965
48942 5464 50000 4564
41811 27329 43156 26618
38645 49548 39317 48319
29361 32908 29916 31305
18430 34747 19028 33708
2536 28408 3396 27856
10476 39260 10906 37788
21304 9399 21719 7355
40850 14092 41811 13555
33337 15244 34039 13932
11314 27194 12062 26378
29270 12593 30121 11602
2709 34323 3396 33004
43034 43296 44071 42832
49171 26017 50000 25220
13417 46584 14512 46233
26712 8700 27286 7500
3396 24734 5020 24292
28373 44135 28997 43648
5159 27203 5822 26401
37365 3522 37848 1951
7759 33774 9281 33368
23483 15095 24105 14361
35245 33352 35975 32417
44071 43936 44744 42832
1037 43601 2510 42971
26432 41809 28027 41462
25634 23496 27089 23057
13417 6560 14604 6256
34412 27866 35396 27406
14658 37232 15176 36002
41811 20914 42316 19451
10990 6211 11428 4747
28997 44135 30666 43711
38263 16308 38813 15071
21873 2293 22341 738
5822 26410 6455 25679
48346 10514 49187 9574
39702 8866 41099 8412
46090 44656 46559 43336
32498 37581 33021 36942
377 46595 1177 45655
45444 40327 46377 39765
36572 15630 37204 14723
29045 27049 29669 26006
33448 44568 34653 44235
41811 37004 43051 36506
23637 34856 24511 34416
20621 29941 20930 28894
8978 8454 10272 7867
2792 8225 3410 7171
35396 26640 36236 26043
11314 18078 12222 17609
7215 42216 7550 41313
8886 36864 9309 35890
35419 19126 36405 18556
46865 21225 47891 20424
35996 6441 37365 5863
44919 39198 45606 38391
33379 47799 33825 46435
28691 4713 28974 3356
14129 48091 14512 47000
8017 16577 8651 15197
18475 30181 19911 29648
12787 5770 13417 4747
19861 17412 20560 17009
39702 10035 40105 8866
22811 31726 23888 31144
22541 48082 23848 47495
8282 8454 8978 7697
17810 30181 18475 29648
14945 50000 15596 49114
5105 33579 5822 32608
12775 37029 13417 36200
43384 12593 44329 11962
23786 28180 24769 27457
49245 21551 50000 20974
29012 22284 29826 21588
43022 2566 43912 1940
11667 40319 12352 39069
13712 45148 14329 44009
7318 9329 8282 8761
13417 5747 13873 4237
41811 15362 42155 14056
11314 42940 12352 42680
37070 27490 37772 26640
11428 11984 12889 11417
10578 42157 10882 40691
4673 11708 5822 10876
16901 27771 17859 27186
37772 25104 38495 24449
26618 6077 27286 4713
3396 30086 4239 29266
12889 14091 13417 13308
31325 14861 32291 14127
30636 36942 31774 36108
17510 34747 18430 33708
41099 7031 41765 5985
11314 46787 11744 45898
4792 48712 5383 47513
26334 30834 26612 29433
37772 46598 38446 45463
40245 789 41099 0
3113 37350 3843 36499
46531 10514 47042 9900
41811 42354 42728 41542
35349 30721 35585 29519
37204 15630 37772 14723
43868 13844 44505 12593
7077 25156 7881 24219
47576 50000 47945 48974
8733 6211 9455 5203
11314 44330 12737 43980
1561 12805 2366 12106
24972 24519 25634 23923
16951 20713 17374 19454
11582 2374 12074 1329
39888 42832 40702 41943
27183 30923 28027 30281
26116 20648 26453 19350
23810 45183 24372 43650
22864 36932 23234 34856
18917 5451 19579 4365
1611 8478 2366 7682
26890 34391 28027 33708
46380 28092 48208 27681
34685 7476 35451 6441
46876 37438 47728 36924
18218 48339 19342 47495
46876 44475 47517 43352
16707 42453 17391 41809
13417 17952 14714 17325
11314 21609 12193 20887
17354 9069 17992 8418
40105 10035 40410 8866
36276 30721 37772 30145
49187 10514 50000 9754
26785 26626 27608 25509
11314 47125 12765 46787
22323 7355 23483 6699
10272 8454 11428 7904
49030 13221 50000 12593
23483 13606 24622 13242
41371 20314 41811 18454
4282 1390 4829 0
27597 9801 28227 8700
27543 39432 28027 38183
30666 43489 31921 42804
30457 20648 32235 20312
18188 35315 19863 34747
1051 28166 1796 27464
42855 34229 43529 33178
46865 20424 47565 19451
32235 20098 32724 19439
14945 45549 16398 45222
9745 49506 11314 49120
33031 15910 34039 15244
30684 23259 32235 23057
48469 21199 49245 20455
33803 21016 34418 19827
10528 22417 10899 21074
45334 44863 46090 43801
39888 41387 40702 40407
23483 15650 24168 15095
46876 46728 48031 46218
9780 27002 10469 26321
24460 25380 25000 24519
43515 30946 44057 29616
8242 31003 8856 30422
13417 2974 14302 2421
10186 2613 10850 2005
41647 50000 42664 49612
44578 4957 45484 4227
28296 3356 28894 2402
23964 36452 24511 34856
2321 31418 3396 30768
17794 1020 18248 0
0 1808 1480 1415
42664 49008 43191 47702
33379 49686 34799 49460
27354 20157 28259 19110
18831 44009 19894 43640
49744 14546 50000 13221
38881 12078 39517 11416
1051 36022 2482 35784
45373 27444 46380 26581
37772 17129 39365 16571
49030 15975 50000 15092
41353 45867 42042 44816
5159 25551 5822 24734
3496 46818 3907 46129
21235 24951 22819 24519
41099 10142 42571 9739
5822 9311 6577 8791
4030 8941 4321 7831
2366 6140 3143 5582
33045 23518 33566 22199
36365 9479 37341 9101
32245 7239 33127 6441
13417 11739 15023 11323
35320 10630 35667 9592
2197 45009 2992 44070
18566 46291 18951 45253
46876 45002 48088 44475
17229 28894 17657 27771
36726 30145 37772 29357
37772 33496 38326 32329
46038 48579 46876 47702
34778 26730 35396 25909
6982 3117 7444 2273
9638 11835 10109 11265
36730 45290 37772 44567
5023 30459 5822 29561
12256 50000 13417 49330
16445 18800 17374 17952
36730 44567 37245 43019
37772 16308 38263 15071
43106 4227 43606 3144
31867 31664 32764 30866
43034 44455 43635 43296
33874 8043 34685 7239
31706 30866 32764 30233
30871 14861 31325 13840
44505 15861 45287 14750
7137 14782 7750 14091
16503 22424 17018 21279
20016 47495 21382 47225
45091 29883 45690 29114
16351 14946 18165 14504
9735 16082 10468 15174
32530 50000 33379 48947
12447 805 13417 0
31373 24519 32235 23866
34609 12593 35667 11823
24321 6060 25249 5463
15287 15592 16351 15085
14134 38183 14658 37278
31997 29687 32730 28519
24819 10884 25668 10255
14567 34619 15396 33708
36722 41155 37772 40460
14945 47314 15351 45984
5822 29836 6905 29026
44199 4957 44578 4227
40709 48319 41517 47326
14847 1612 15611 743
26177 12257 26655 11458
48023 42778 48421 41737
49382 44475 50000 43184
9453 43606 10423 42983
48195 5985 48942 5045
782 16702 1420 16197
12763 18464 13417 17268
2366 7171 2864 6140
46380 22155 47476 21551
30693 2152 31533 1047
21235 18841 22610 18315
26712 7500 27286 6753
41099 3288 42133 2566
2366 12441 3243 11545
7259 1851 7713 0
19179 22798 19970 22211
29346 13532 30372 12593
25171 44255 26029 43650
43106 4957 44199 4227
42733 25505 44037 25117
25218 47282 26022 46596
29916 31971 30668 31305
49338 2566 50000 1482
45830 23615 46380 23034
0 18713 1339 18355
6282 14091 7440 13276
3631 9406 4673 8941
39772 20314 40755 19475
25904 14072 26841 13487
23483 14361 24622 13606
26125 45692 27058 44900
31236 5718 31985 4713
24563 47282 25218 46596
27117 22511 28338 21948
44724 9354 45533 8391
22306 22498 23420 21941
0 13520 593 11945
27469 33708 28027 32774
2482 37896 3843 37350
28027 26120 28565 24519
16772 29648 17783 28894
37772 36036 38514 35201
38933 6041 39557 4868
21235 24519 21708 23609
34334 23518 34563 22329
45606 39198 46876 38986
1030 22249 1597 20748
0 39438 968 38584
18219 2640 18917 1612
31146 34460 31774 34021
33753 24519 34702 23518
41099 4957 41827 3736
18485 24190 19179 22856
31651 40786 32341 39853
21665 48422 22541 47495
5081 18307 5822 17473
10063 29726 10834 28760
24563 47589 26022 47282
44122 10531 44756 9810
15078 11323 15584 9609
23420 22498 24631 22283
13417 21217 14360 20286
43622 38505 44919 38191
48985 46879 50000 46218
31115 7938 32245 7450
34685 8482 35559 7883
9827 38399 10476 37788
4192 17473 5822 17027
36236 26640 36526 24519
6828 11835 7630 10737
12352 42102 13150 41628
31867 12593 32245 11042
10272 7448 11428 6972
45525 5985 46595 5620
29543 7450 31170 6975
40914 43756 41469 42832
16190 28894 16679 27771
46595 3449 47117 2566
19990 8260 20366 7355
15924 36309 17817 36002
17817 37079 18705 36002
21544 12985 22410 11888
782 16197 1420 15155
25493 2024 26079 1034
8721 35149 9281 33774
38839 18140 40181 17715
15079 26511 15740 25589
44475 7505 44988 5985
16398 45505 17418 44888
14067 34619 14567 33708
47728 37101 48635 36093
20456 39866 20729 38183
8679 24219 9631 23715
3441 1937 4282 1326
33048 18556 33557 17613
41647 49612 42664 48810
28027 34900 28793 33974
19784 26631 20291 25679
5822 28305 6478 27020
36832 3774 37365 3097
21993 18315 22610 17372
35396 28519 35876 26640
21235 21941 22405 21460
0 37908 694 36871
4414 25348 5159 24734
2159 20748 3396 20082
17149 37232 17817 36309
26862 47282 28027 46922
21235 25444 22819 24951
35211 17855 36122 17009
47117 3449 48195 2566
8300 19255 8968 18482
22361 40488 23235 39866
23786 28894 24769 28180
11314 32091 11869 30841
23420 21337 24631 20648
13417 35434 14403 34975
37772 18454 38458 17129
35803 36942 36298 35921
6541 17840 7137 16446
11893 39069 12459 38058
22040 15698 23483 15163
14574 28894 15079 27397
19826 2907 20836 2293
36861 19827 37772 19053
5822 8791 6577 8072
40248 29595 41276 29150
26190 37002 26882 36032
8282 4384 9429 3827
44959 20629 45271 19451
35245 31435 35975 30721
34931 1261 36085 997
42278 951 43022 0
28894 3356 29808 2809
39349 26329 40152 25388
35206 21774 36493 21221
35667 10933 36904 10584
8265 31674 8856 31003
18876 13784 19886 13028
35938 3774 36832 3097
27721 2402 28301 887
25721 21948 26354 20648
31146 35744 31774 34460
0 9650 817 9332
31298 45386 32641 44802
20487 43510 20999 42554
20293 5451 21419 4743
19310 28894 20052 27699
39126 46197 39957 45463
6442 40491 7550 39787
29697 46137 30666 45340
33889 34737 34658 33794
20076 45643 20999 45043
9201 38482 9827 37788
7410 27898 8523 27520
10148 45727 10423 44208
7750 48251 8667 47513
43565 14647 44505 13844
35420 15720 36572 15364
46768 13525 47608 12593
5478 47251 6485 46490
41099 9739 42571 9354
45100 3890 46595 3444
17018 22424 17374 21279
46559 44656 46876 43336
31314 48251 32175 47566
18903 20893 19353 19276
17418 47495 18277 46857
49171 23727 50000 22813
10572 10737 11161 9554
14945 48651 15480 47314
15176 37232 15522 36002
18876 10383 19996 9794
11875 50000 12256 48280
46380 26996 46999 26017
28179 12593 28638 11356
11314 45898 11942 44817
1561 10549 2366 9936
39528 37178 39846 36036
33045 21455 34334 21016
34685 7883 35761 7476
11314 38058 12459 37314
5418 1390 5822 0
3396 27550 4303 26760
0 44190 1536 43601
39184 3522 39754 2754
10468 16143 11314 15007
29012 21588 29826 20648
32263 36075 33191 35295
48626 45651 50000 45460
30668 30866 31253 29687
8266 39198 9137 38482
23483 1186 23907 0
16707 44009 17391 42996
36308 46530 37309 45940
12368 45898 12939 44817
7661 17840 7939 16577
25197 3264 26079 2881
11428 6416 12787 5725
17709 14504 18165 13784
40259 25388 40741 24495
38195 32329 38819 30922
7410 27520 8523 27020
3396 26760 4303 26350
24630 1186 25061 0
7136 12861 8317 12321
24622 14361 25393 13242
5822 7110 6370 5375
34609 9592 35106 8482
13417 41454 13922 40758
40125 4373 41099 3522
28838 39774 29172 37908
46794 24154 47632 23705
20165 20893 20589 19276
22412 9399 23483 8934
41293 23833 41811 22479
27286 5189 28638 4713
42042 46152 43034 45403
36308 41155 36722 40460
13417 16338 14403 15592
48346 9574 49187 8841
37772 45463 39166 44816
7092 31674 8265 31003
37772 48319 38353 47751
49245 20472 50000 19637
21382 47495 22289 46654
46876 39723 47728 38932
24600 13242 25904 12593
27163 44270 28027 43650
10882 41661 11314 40691
26177 8700 26712 8027
14937 21951 15843 20991
30085 4713 30577 3871
1713 33587 2326 32223
37772 39923 38405 38929
16397 4237 16902 2835
32423 39332 33021 38378
43126 32427 44025 31999
16170 33013 17230 32316
380 49285 1231 48236
46872 23705 47632 22813
32341 40805 33021 39853
39716 38537 40451 37795
817 11110 1561 10624
10834 29726 11314 28305
3410 8941 4030 7831
44917 49600 45599 49008
41469 44816 42042 44213
39557 6025 41099 5599
24444 39323 25076 38183
47720 36093 48121 34465
13937 28894 14257 27398
14011 32793 14511 31847
29338 16276 30372 15848
22863 33708 23351 32293
16351 10090 17354 9349
48973 30637 50000 29724
42316 20914 42933 19451
26862 46922 28027 46291
28027 37476 29172 36942
21344 33708 21822 31726
3143 6140 3410 4123
43639 3144 45100 2566
12495 35233 12890 34109
33944 12593 34609 11931
40270 50000 41647 49378
5822 3117 6348 2273
1928 15682 2366 14353
19746 39100 20456 38183
11830 34696 12495 33792
8277 37108 8886 35890
42579 23533 44037 23292
48023 41737 48990 41196
38474 2297 39184 991
5822 10737 6577 10368
44001 49008 45058 48333
19895 738 21015 0
45373 28033 46380 27444
48035 31604 49091 30924
46380 25675 47632 25228
4019 12657 4673 11573
32764 33295 33316 31820
15356 30834 16381 30329
39754 3522 40236 1794
24763 18841 25505 18378
14604 7439 15225 6573
38733 22855 39252 21661
9432 27364 9780 26084
38786 20314 39112 18454
42042 46598 43034 46152
4106 4882 4835 3818
650 629 1822 0
21522 38623 23235 38183
21665 50000 22379 48849
34702 24519 35206 23518
26190 35322 26890 34480
45167 14750 45829 13896
21544 11888 22410 11082
36308 47635 36645 46530
35161 11823 35667 10630
3705 11195 4673 10502
37772 13139 38906 12593
37772 47751 38353 46598
11314 26378 12062 25970
31524 24923 32501 24519
43701 5985 44806 5720
48377 22813 49528 22380
27117 23057 28338 22511
40361 8412 40713 6441
4576 22247 5110 21147
47255 46218 47466 45002
27294 17478 28280 17009
26345 43094 26890 41809
11314 16902 12763 16392
0 32824 728 32223
39112 20314 39772 19002
1800 17761 2494 16702
39605 32653 39956 30922
5023 31102 5822 30459
42133 3288 43106 2566
18549 31073 19911 30834
40320 16308 40731 15143
17657 28894 18448 27771
4835 4563 5493 3381
47366 16861 47891 15861
16503 21279 17374 20713
17586 17009 18015 15484
34658 34984 35309 34069
29780 42305 30666 41491
44919 41358 45717 40327
41811 23919 44037 23533
26841 17009 27668 16001
15393 42720 16707 42047
47633 11239 48517 10514
32245 8482 33504 8043
39111 991 39754 0
39754 789 40245 0
18876 13028 19434 11674
2366 15854 3019 14390
15924 36568 17149 36309
42956 30946 43515 29616
27710 18556 28280 17478
3396 34668 4693 33993
39252 21389 39744 20314
30089 39774 30666 38758
20669 14907 21303 14405
45091 33028 46048 32379
10476 40691 11314 40193
37341 7360 38263 6441
26432 39432 26889 38183
31774 35295 32404 34737
28460 46697 29697 46018
34477 39135 36428 38804
35068 15364 35743 14303
49093 36093 50000 35387
42434 45403 43034 44552
4559 28869 5159 27419
47728 40523 48520 39522
12889 12216 13417 11417
18015 17009 18586 15484
21288 38183 23234 37812
34477 39845 35460 39135
1508 39869 2482 39171
43932 39550 44919 39087
27294 18556 27710 17478
4239 32589 5105 31499
14362 23331 14930 22424
18363 49085 19342 48339
22492 10383 23483 9716
8841 14499 9735 14091
0 43601 1037 42971
26612 30834 27183 29994
5215 8611 5822 7831
15744 8815 16351 7799
5822 2273 7189 1851
17374 17413 18593 17009
9453 46583 10431 45727
16397 2835 16902 2305
16351 7110 17832 6467
34609 11823 35161 10630
34563 23518 35206 22329
11314 34696 11830 33792
37772 41215 38458 39923
37196 50000 37772 48599
34799 47128 35920 46420
13417 29752 14249 28894
7964 23715 8898 23044
22334 19539 23389 18841
26405 15526 26841 14072
6442 39787 6985 38855
48673 37369 50000 37101
8300 18482 9735 17840
8725 17840 9735 16906
4673 13218 5227 12031
15078 9015 16351 8815
39528 37795 40451 37178
14360 21782 14937 20286
5822 22417 6578 21649
5822 15885 6634 14755
38949 40953 39487 39923
47503 31604 48035 30637
20126 17009 21544 16360
4234 41135 5133 40286
22026 30534 22811 29717
44117 7505 44475 5985
20366 9399 21304 8859
13417 15592 14605 15001
36609 28224 37772 27490
12737 44817 13417 43980
45599 50000 46876 49620
18951 44750 19551 44009
14360 22424 14937 21782
45231 47166 46876 46598
24702 29639 25747 28894
47728 37950 48673 37101
25628 9464 26177 8160
21644 3197 22076 2293
18951 46291 19748 45643
13417 31847 14880 31321
41118 25921 41811 25388
22076 4365 22676 3132
15611 1612 16101 743
19007 19276 19861 18269
3843 42216 4300 41135
3396 23347 5110 23021
25748 27253 27002 26923
24114 13242 24600 12593
9735 19025 10135 18188
14294 14754 14605 12973
30876 10394 31576 9398
2824 21611 3396 20748
28793 35257 29916 34749
10573 17739 11314 16966
36526 25067 37772 24519
16351 6014 17151 5185
0 42216 464 40948
12074 1549 12447 0
15023 11739 16351 11323
41099 936 42278 470
9986 36998 10404 35149
10784 12644 11428 11835
23483 16236 24201 15650
43565 15748 44227 14647
48233 39522 48520 37950
30102 45340 30666 44135
1561 13520 2366 12805
29172 38966 29683 37506
21924 43650 22959 42729
35396 25324 36236 24519
840 4267 1590 3511
35559 8482 36770 7883
7550 47513 8312 46387
18165 14946 18680 13784
26354 21948 27216 21430
22412 8934 23483 8382
0 20748 529 20082
16351 8559 16827 7355
29826 21623 31105 21017
34334 22329 35206 21656
46378 19451 46871 18730
22699 25909 23840 25444
5822 21649 7288 21089
46595 4228 47055 3449
37772 43906 38764 43470
4996 7831 5822 7427
36696 37679 37772 36942
19748 46291 20999 45643
5061 47513 5478 46490
10784 13423 11428 12644
8317 13276 9531 12680
29012 23057 29826 22284
6455 26410 7077 24879
42060 12593 42571 11780
42637 19451 43472 18847
21544 11082 22410 10383
30684 23866 32235 23259
48979 17704 50000 16870
42664 47702 43905 47354
41230 38760 41811 37670
19746 41809 20310 41353
39606 22855 40259 21389
4591 23021 5110 22247
33021 41440 34404 40989
1028 26821 2247 26145
23235 40135 24085 39566
23483 12593 24819 12053
4835 3381 5493 2942
15968 38183 17817 37929
20445 24777 21235 23809
43384 11342 44756 10987
13417 14754 14294 13788
1798 40920 2482 39869
25747 30834 26334 29433
9735 15174 10468 14091
46356 2566 47562 1859
25335 15095 25904 14361
32907 20761 33803 20098
44919 38391 45837 37424
23527 24519 24257 23340
41525 36036 41811 34693
43932 40541 44919 39985
32972 13932 34039 13273
16397 2305 17402 1612
2633 32223 3396 31418
41765 7031 42075 5985
11942 45898 12368 44817
35935 42804 36308 41338
46094 16861 46690 15861
13417 12973 14402 12234
36308 50000 37196 49343
29291 24519 29974 23856
21235 27664 22775 27112
9240 2613 10186 2005
19043 38183 19863 37017
7357 6245 8282 5683
26536 33708 27469 32774
29056 18885 30457 18556
47163 41196 47728 39723
14189 9741 15078 8815
12535 23652 13417 22913
20701 41353 21197 40488
27954 24519 28879 23643
4300 49370 4792 47513
29076 47416 29697 46697
33468 42804 33754 41440
46876 47298 47606 46728
27194 851 27721 0
5133 41435 6442 41185
3396 16113 4723 15701
6443 43822 6786 42216
36696 38804 37772 38285
11161 10737 11428 9554
13940 19454 14426 17952
32235 23518 32661 22013
45533 7739 46748 7262
32263 36942 33711 36400
10272 7904 11428 7448
25747 31726 27183 31433
26079 3297 26548 1645
44037 23615 44651 23034
13978 8579 15282 7955
17689 15484 19080 14946
29974 24519 30558 23866
11314 50000 11875 48280
3458 42216 3843 40231
34039 13531 34726 12593
10339 42157 10578 40691
48651 44475 48990 43262
9916 9553 10572 8454
46595 4741 48195 4228
8523 25413 9195 24219
8282 9034 9282 8454
4106 5791 5302 5384
16510 48651 17104 47314
47998 33896 49093 33347
8312 46522 9453 45985
1420 16702 1928 15155
18600 41514 19746 40758
32579 6441 33134 4713
23767 37660 24511 36452
46531 11239 47633 10514
36687 18556 37052 17009
44037 27946 44730 27099
4022 44026 4736 42917
30107 25901 31524 25254
34477 37993 35246 36942
25904 17009 26841 16427
28027 47906 29697 47416
41099 11360 41860 10510
40259 21741 41811 21292
24763 17996 25505 17009
45373 28635 46380 28033
34404 40653 36308 40306
38747 38496 39191 37172
26432 40905 28027 40363
28338 23057 29012 22006
46380 27681 46999 26996
5133 42216 5930 41435
5087 16113 5822 14907
3
1
