2000 50000 50000 
29461 50000 29997 47906
21522 39062 23235 38623
35975 32656 37772 31979
44025 31912 45091 30946
15317 17009 16351 15592
0 16702 782 15543
33045 23518 34334 22199
47728 39522 48520 37950
968 39869 2482 38867
35833 50000 36308 48091
11314 43980 12240 42940
4673 10460 5822 8941
43206 7298 44117 5985
3496 45717 5061 44818
15079 26511 16190 25589
30668 31664 32764 30866
16851 24777 17374 22424
41827 4957 43106 3736
0 43601 2510 42971
44037 24790 45173 23615
9827 40691 10476 37788
31068 12593 32245 11042
47170 5985 48195 4741
6350 20312 7802 19256
46191 21551 46865 19451
49093 36093 50000 35387
22040 15698 23483 15163
31921 44429 32641 42804
2354 18713 3396 17761
30668 32982 32764 32198
27597 11356 28638 10661
7550 47513 8312 45985
12352 41181 12833 39069
17374 21643 19853 20893
30666 45386 32641 44802
22610 18841 23500 17009
46876 33036 47998 31604
35743 13425 36572 12593
15968 38183 17817 37232
43051 38505 43622 37424
29826 21623 31105 20648
35331 44568 36308 43657
46244 32379 46876 30519
13417 9772 14189 8815
9195 26084 10215 24219
14189 10084 15078 8815
25904 15526 26841 13487
5822 4490 6483 3117
29974 30567 30668 29687
4303 27419 5159 26350
3441 2942 4134 1937
9998 3827 10850 2613
30668 35744 31774 34021
19863 34856 21717 34480
35935 42804 36308 41338
8916 30422 11314 29726
30457 20312 32235 19452
34685 8482 37341 7883
13417 39042 14951 38183
28974 4713 30577 3871
32245 6441 33134 4713
41811 20914 42933 19451
15079 27383 16190 26511
4673 12031 5822 10460
31533 1356 33155 608
10404 37788 11314 36540
3496 46129 5061 45717
8523 26084 9195 24219
37772 33496 38819 32329
41099 3736 43106 3288
36572 17009 37772 15630
22716 6045 23483 4365
6828 11835 7630 10737
21235 22498 23420 21941
21235 25909 23840 25444
44037 27099 45373 26581
46356 2566 47562 1075
36308 45940 37309 45290
25505 20648 26453 19350
36276 30145 37772 29064
7802 20312 8300 17840
5822 28305 6911 27020
29264 2402 30186 887
49071 28635 50000 26999
14847 3099 15386 1612
37772 25388 39389 24449
46380 28635 48208 27681
28638 7938 32245 7450
42042 46598 43034 45403
43106 3144 45100 2566
11314 36776 12459 36200
22076 3132 23483 2293
41099 10142 42571 9354
650 878 2366 0
24430 43094 25447 41809
0 45009 1536 44190
464 42216 1386 41432
11314 21609 13417 20887
22492 10383 23483 9399
782 15155 1928 14353
5105 33579 5822 31102
47891 19334 48744 18188
43932 42832 44919 41723
44037 21551 44959 20445
39957 46598 41047 45681
33803 19827 34533 18556
31533 3356 32414 1356
17556 32316 19911 31571
16190 27771 17859 26631
11428 13469 12889 12359
46876 39723 47728 38104
759 36871 2482 36022
26125 46291 27438 44900
3396 16113 4723 14907
28980 45340 29658 44135
20999 43650 21924 42729
33647 25909 34175 24519
3396 35149 4693 33993
33379 50000 34799 48956
30514 18556 31716 17009
44616 23034 45481 21551
0 7682 806 6209
43034 44455 44071 42832
17810 30834 19911 30181
34658 36942 35803 36261
40731 16308 41811 15143
20836 3197 22076 2293
5061 46490 5438 45128
1386 41399 2482 39869
14945 45984 16398 45222
27089 23643 28879 23057
28027 29687 29045 28346
41811 42832 42728 41542
16351 8559 17354 7355
14302 4237 14847 1445
42278 2566 43022 0
7077 27020 7881 25156
4022 44026 5061 42216
5822 14755 7137 14091
42703 33178 43126 30946
26841 16001 28021 15182
38813 16308 39758 15143
28301 2402 29264 887
45533 8841 46748 7262
7137 16577 8017 15197
7550 44500 9453 43953
41811 32170 42703 30946
16381 30834 16772 28894
6399 48251 8667 47513
5822 8791 6577 8072
38533 6441 38933 4868
4835 4563 5822 2942
32730 29687 33300 28519
20999 46291 22143 45183
23483 3264 23970 2024
7357 4820 8282 3117
42728 42832 43932 41542
15356 29571 16381 28894
18283 26631 19784 25679
32245 9781 33944 9164
49171 23727 50000 22813
41811 38505 43051 37372
6650 31674 8856 31003
4946 14907 5822 13826
9735 16966 10468 16082
11314 17609 12763 16902
46876 36093 47720 34465
27183 31726 28027 30923
20669 14405 21544 13784
35206 20549 37070 19827
11314 30841 12680 29912
41099 12593 42571 11360
21419 5553 22323 4365
45829 13525 47891 12593
29112 11042 29936 9398
47562 2566 48484 1075
9735 16082 10468 14091
8300 18482 9735 17840
6634 16446 7137 14755
33448 44568 35331 43657
24763 18841 25505 17009
16772 30834 17810 29648
14714 17952 15846 17009
35245 33352 35975 30721
5822 2273 8282 1851
23955 8948 25155 7618
40850 15143 41811 13555
13417 42422 15393 41809
36696 37679 37772 36942
38879 27372 40152 26329
19310 28894 20301 27699
15393 44009 16707 42720
11428 5725 12787 4747
29012 22284 29826 20648
31706 30866 32764 29687
16144 35152 16766 33708
13417 6256 16351 5747
3496 46818 5061 46129
48166 6606 50000 5985
41811 27329 43156 26618
28027 45340 28980 44135
5145 35948 7550 35149
24511 35812 25174 33708
9083 42983 9827 41706
3843 37676 5306 36727
33379 48956 33825 46435
39956 34693 40940 32958
29172 39774 29683 36942
11314 33164 11869 30841
47891 20455 48744 19334
5383 49310 6399 47513
0 18713 1339 17761
30666 50000 32221 48947
4234 41135 5133 40286
15750 31501 17556 30834
8886 36864 9986 35890
16190 28894 17657 27771
34404 40653 36308 40306
24563 47282 26022 46291
29683 38758 30666 36942
1713 35149 2326 32223
9281 32943 10068 31674
36526 25067 37772 24519
9735 22417 10528 21074
21633 30534 22026 28894
806 6598 2366 6209
40259 25388 41811 24495
43106 4227 43606 3144
0 29011 1051 27464
16398 45505 17418 44888
8902 11835 9638 10737
49187 10514 50000 8841
29361 32908 29916 31305
19080 17009 20126 16099
20301 28894 21235 27718
43905 47702 45231 46598
21235 26837 22305 25909
8017 16577 8651 15197
4723 16113 5822 14907
29780 42305 30666 40452
21235 24519 22497 23609
24563 50000 26504 49311
19681 6704 20548 5451
25748 25673 26785 24519
3705 13826 4673 12657
48484 2566 50000 1482
0 4267 840 2966
32291 13273 34039 12593
9453 47513 11314 46583
40437 15143 40850 13555
11314 40319 12352 39069
35975 33352 37772 32656
26523 43650 28027 43094
45300 16861 46690 15861
43022 2566 43912 1233
33956 997 35184 0
31325 14127 32291 12593
10882 42983 11314 40691
7318 10737 8282 8761
6404 24122 7077 22417
38446 46598 39957 45463
47891 17069 48979 15975
31291 37581 33021 36942
11314 29912 12680 29443
30666 46435 32641 45886
34658 36261 35803 34984
32641 44477 33448 42804
49071 26999 50000 26017
12459 37779 13417 36200
8282 6211 9455 4747
32245 8043 33874 7239
45091 29883 46876 29114
27438 46291 28027 44900
19007 19276 19861 18269
23840 26837 24460 24519
26029 44900 27163 43650
19911 31726 20930 29941
16351 7355 17832 6467
7550 41529 8007 39820
2482 38458 3843 37350
20811 33708 21344 31726
40236 3522 41099 1794
3396 20494 5822 19767
39673 4868 41099 3522
4134 2942 5822 1937
15079 28894 16190 27383
8300 20312 8968 18482
10784 14091 11428 11835
14951 39042 16503 38183
23810 45183 24372 43650
11314 44817 13417 43980
11314 29443 12680 28406
17657 28894 18750 27771
36122 18556 37052 17009
2326 35149 3396 34323
22283 33708 22863 31726
30666 41299 31291 39817
39702 10035 41099 8866
35667 10933 36904 10035
28027 33974 28793 32908
40259 24495 41811 23833
41047 46598 42042 44816
14945 50000 15596 49114
49146 39056 50000 37950
47530 26680 49071 26017
42933 20914 44037 19451
25249 6327 26177 4713
32245 9164 33944 8482
8282 2807 9240 1329
18917 7355 21419 6704
4321 8941 5822 7831
1536 45009 2197 43601
20126 16103 20669 13784
14360 22424 14937 20286
5822 32515 6716 31674
46865 21551 47891 20424
47998 32451 49093 31604
24563 48853 26022 48047
46531 11239 47633 10514
14329 45608 14945 44009
29045 29687 30309 29083
41371 20314 41811 18454
26612 30834 27183 28894
2482 41123 3458 40231
36567 7476 37341 6441
9453 44208 10423 42983
17832 5931 18917 5343
19746 41353 21946 40488
28259 20648 29056 18556
25230 32774 26868 31726
11428 7947 13417 7094
28019 17009 29338 16001
33647 26730 35396 25909
23970 3264 25197 2024
32221 50000 33379 48947
44756 12199 45474 11043
36085 1180 37365 0
13417 33708 14953 32793
14728 44009 15393 42422
2709 34323 3396 32223
32781 10677 33944 9781
19791 20893 20165 19276
23483 16236 25233 15650
29543 6975 30814 5718
14009 1445 14847 0
48520 41196 50000 40319
42042 43625 43034 42832
24372 45418 26125 44900
7550 39198 9827 38482
17817 37079 18705 36002
25747 31726 27183 30834
3496 44818 4022 42216
20548 6704 21419 5451
36308 45290 36730 43019
26538 28894 28027 27812
22289 47495 23252 46291
33155 997 33956 0
26862 47282 28027 46291
28793 35744 29916 34749
27189 4713 27721 3297
41647 50000 42664 48810
2510 43601 3496 42216
13417 17952 14714 17009
10445 6972 11428 6211
20999 44410 22730 43650
6982 3117 8282 2273
10850 2374 12074 1329
1603 6209 2366 4267
8317 13276 9531 11835
3396 18307 5081 17473
14011 32793 15750 31847
38263 7404 39702 6441
1339 18713 2354 17761
16190 25252 18283 24777
6238 37676 7550 36727
29916 33891 30668 31971
21717 34856 23335 33708
48377 22813 49528 21551
24186 4713 26079 3975
43384 10531 44756 9354
36609 27490 37772 26640
2045 47379 2684 45009
29511 36108 31774 35744
28027 30567 29974 29687
39957 45681 41047 44816
34609 12593 35667 11823
17374 19276 19007 18269
42075 9354 42976 7298
2366 16702 3396 15854
2366 4123 3410 2942
0 2966 840 1808
47891 21551 49245 20455
33570 12593 33944 10677
5822 17840 7137 16446
968 38867 2482 37908
5145 36727 7550 35948
5822 24122 6404 22417
2684 46176 3496 45009
13417 8815 13978 7439
5822 7110 6370 4490
44117 7505 44988 5985
20267 48772 21665 47495
33127 7239 34685 6441
12368 45898 13417 44817
23046 50000 23781 48849
48635 37101 50000 36093
17859 27771 18750 26631
3132 10502 3631 8941
12894 10389 13417 7947
21578 40488 23235 39866
39576 13555 40187 12593
14976 12973 16351 11739
2131 24226 3396 23647
1272 35149 1713 33795
2366 11545 3705 10502
11428 7094 12787 5725
1582 26145 2247 24226
2366 10502 3132 8941
34533 19827 35419 18556
49637 4564 50000 2566
39622 24449 40259 22855
19342 48953 20267 47495
6985 39787 7550 37676
44919 41358 46377 40327
13417 30077 15356 29752
33134 6441 34441 5704
40181 18454 41811 18077
47720 36093 48121 34465
26432 40363 28027 39432
39754 3522 40236 1794
0 47379 377 45655
34799 50000 35452 48091
41811 33178 42703 32170
26712 8700 27286 6753
37772 45463 39957 44816
27286 8700 27979 6271
25748 28894 26538 27812
35451 7476 36567 6441
21651 42729 23405 41809
40248 30266 41811 29150
0 878 650 0
24819 12593 26177 11705
33874 8043 34685 7239
9745 50000 11314 49120
20805 12919 21544 11478
46703 15861 47891 14750
3843 35955 5145 35149
23483 12593 24819 12053
13417 14754 14294 12973
3396 30086 4239 28869
14605 15592 15287 12973
32263 36400 33711 35295
45469 36732 46876 35595
27597 12593 28638 11356
30693 3356 31533 2152
14945 48651 16013 47314
3396 33579 4239 32162
24511 36835 25174 35812
30666 41879 33021 41299
16351 13784 17723 12682
24702 30509 25747 29639
0 1808 1480 878
3204 40231 3843 38458
17810 30181 19911 29648
7259 1851 8282 0
45533 9354 46531 8841
2197 45009 3496 43601
26548 2465 27721 851
29997 50000 30666 47906
694 37908 2482 36871
7846 29726 10063 29065
23483 6875 24321 4713
35667 12593 36321 10933
3396 19767 5822 19026
464 41432 1386 39869
30372 15645 30871 12593
2326 34323 2709 32223
44919 38391 46876 37424
7550 41950 9083 41529
37365 1951 38474 856
427 5141 1603 4267
16101 693 17337 0
0 48236 1923 47379
5110 23347 5822 21147
33021 41440 34404 40989
0 9332 1611 8666
16503 38803 18649 38183
33300 29687 34658 28519
16351 14504 18165 13784
21235 21460 23420 20648
26841 13532 28302 12593
18917 4365 19998 3317
14847 1612 16101 743
24372 46291 26125 45418
43515 30946 44480 29616
0 15543 782 13520
13417 43321 14728 42422
31716 18556 32470 17009
42075 7298 43206 5985
46876 45002 48088 44475
10572 9554 11428 8454
26190 38183 28027 37680
2366 8941 3410 7171
39557 6025 41099 4868
12816 4747 13417 2514
17723 13784 18876 13313
34685 7476 35451 6441
9735 21074 11314 20026
15843 22424 16503 20991
34477 39135 36428 38804
22730 45183 23810 43650
43584 29616 45091 28635
10063 29726 11314 28305
25668 11705 26177 9464
4829 1390 5822 0
13417 37278 14658 36002
21822 33708 22283 31726
9240 2005 10850 1329
37772 13555 39576 12593
21986 36932 22864 34856
34477 37993 35584 36942
28338 23057 29012 20648
27361 15182 28906 14086
0 23313 1597 22249
21344 33708 21822 31726
25505 18556 26310 17009
37772 48319 38353 46598
5133 41435 6442 40657
2482 37350 3113 35149
15386 3099 16397 1612
18876 9399 20366 8260
19179 24777 20445 23919
14604 7439 16351 6573
840 4267 1590 2694
17832 7355 18917 5931
14937 20991 16503 20570
10850 3370 12074 2374
45829 14043 47891 13525
3458 42216 3843 40231
48613 50000 50000 48674
5822 35149 6426 33774
40187 13555 41811 12593
10423 45727 11314 44335
34026 3097 36085 2774
14700 4950 16351 4237
3410 7831 5822 7427
28027 44135 28997 42305
34441 6441 35996 5483
28996 13532 30372 12593
13417 45608 14329 44009
13417 26899 14574 25589
37862 10975 38881 10035
34726 14303 35743 12593
6370 5681 7357 4490
13417 20286 14937 19454
8841 15197 9735 14091
46531 9517 48346 8841
15078 9609 16351 8815
17418 48339 19342 47495
17374 24777 18485 24066
35452 50000 35833 48091
13417 23331 14362 22424
13417 17009 14403 15592
32175 48251 33379 47127
48990 44475 50000 43184
24372 44900 26029 44255
19652 25679 21235 24777
25233 17009 25904 15095
46876 34465 47998 33036
13417 24076 14753 23331
20165 20893 21235 19276
36166 23540 37070 21774
1030 22249 1597 20748
14658 37232 15924 36002
48121 36093 49093 34465
17337 1612 17794 0
2366 15854 3019 13826
41099 2566 42278 1520
13417 11739 16351 11323
14753 25589 16190 24333
11314 24985 13417 24405
19853 22211 21235 20893
19746 39866 20729 38183
5822 13276 7136 11835
25076 40899 26432 40265
9735 19337 10896 17739
12062 26232 13417 24985
17794 1612 18917 0
0 33795 1713 32824
13417 38183 14658 37278
44750 2566 45256 0
9916 10737 10572 8454
38881 12593 40435 12078
20301 27718 21235 26631
23483 13242 25904 12593
17556 31571 19911 30834
23483 14361 24622 13242
49458 43184 50000 41196
14459 50000 14945 48091
19043 38183 19863 36002
37862 12593 38881 10975
29658 45340 30666 44135
26177 12593 27597 11458
37365 856 38474 0
42667 18847 44505 17985
46090 46598 46876 44656
25000 26837 25748 24519
7550 45197 9453 44500
32764 33295 33316 30866
6485 46704 7550 45128
13417 24829 14753 24076
26536 33708 28027 32774
44198 37424 45469 36584
21235 27664 22775 26837
24631 21948 25721 20648
17418 47495 18609 46291
31524 29687 32730 28519
28280 18556 30514 17948
5023 31102 5822 28869
28302 13532 28996 12593
0 11102 817 9332
22811 30303 23888 28894
37070 21914 37772 19827
21924 43650 22959 42729
6443 45128 7550 43822
33021 39845 34477 38821
6442 42216 7550 41313
23483 15650 25233 15095
30666 43489 31921 42804
16503 22424 17374 20713
18876 11674 19886 10383
12222 19541 12763 17609
31096 9398 32245 7938
22334 20648 23831 19539
43932 41723 44919 40541
33031 15244 34039 13932
5159 28869 5822 26401
2159 20748 3396 20082
9735 20026 10896 19337
42467 35595 43529 34229
23483 15095 25904 14361
30372 17009 32291 16461
33155 2046 34931 997
1611 9332 2366 7682
31774 33902 33175 33295
18705 38183 19043 36002
22334 19539 23898 18841
36308 47635 37309 45940
21544 11082 22410 10383
4239 33579 5105 32589
0 50000 380 48236
44756 12593 46531 12199
41811 25505 44037 24711
28551 32908 29361 31305
17994 42911 19894 42486
44919 40327 46377 39198
11428 14091 12889 13469
46865 20424 47891 19451
4106 6252 5822 5384
13417 41809 15388 41454
1590 4267 2366 2694
24631 24519 25634 23057
43932 40541 44919 39550
5438 46490 6485 45128
29012 23057 29826 22284
13417 36002 14403 34975
17374 20893 18112 19276
34609 10630 35667 9592
35206 21774 37070 21221
33155 4004 35122 3097
13417 34619 15396 33708
8523 28305 9834 27364
28997 43027 30666 42305
1446 20082 2296 19120
48979 16870 50000 15975
47945 50000 48613 47298
22323 7355 23483 6045
25174 36835 26190 35046
0 24967 1220 24226
35396 26640 36236 24519
34726 17009 36572 16259
3843 41135 4234 38992
25155 9464 26177 7618
25249 7618 26177 6327
21288 37812 23234 36932
33889 34737 34658 33295
37341 10035 38263 8507
42956 30946 43515 29616
13417 19454 14426 17952
28460 46697 29697 45340
4792 50000 6399 49310
32764 30866 34658 30541
12168 10389 12894 7947
45256 2566 46356 1331
45100 3105 46595 2566
34026 2774 36085 2046
5081 18307 5822 17473
18112 20893 18903 19276
13417 30834 15356 30077
37772 32329 38819 30922
9455 6211 10311 4747
48744 20455 49245 18188
15287 15592 16351 14266
21235 18841 22610 18315
11869 32469 13417 31507
46876 50000 47945 48250
22271 738 23483 0
12256 50000 13417 48620
44037 28635 45373 27946
29388 5718 31236 4713
21235 20648 22334 19893
12833 41181 13417 39069
8667 48251 10019 47513
18917 2907 20836 2293
35667 10035 36365 8482
21382 36403 21986 34856
10404 36540 11314 35149
37772 41696 38949 41215
30668 34021 31774 33295
840 2694 2366 1808
4835 5384 5822 4563
49093 33910 50000 32709
3396 28869 4303 28229
10528 22417 11314 21074
16190 25629 18283 25252
46090 44656 46876 42832
41099 3288 43106 2566
9780 27002 11314 26084
37772 42832 38949 41696
13417 7439 14604 6256
19629 2293 20232 738
23527 24519 24257 22498
19863 34480 21717 33708
5578 40657 6442 38992
23483 9464 25155 8948
377 47379 1177 45655
21665 48849 22541 47495
36110 38804 36696 36942
29697 47906 30666 46137
36357 34984 36961 34069
18876 13784 19886 13028
39317 50000 40270 48810
12074 1549 12447 0
28793 34749 29916 33915
34477 39845 36428 39135
37772 39923 38405 37172
42830 15748 43565 13908
24563 49311 26504 48853
33021 40989 34404 39845
15282 8815 16351 7439
41469 44816 42042 42832
36365 10035 37341 8482
20999 42729 21651 41809
27354 20648 28259 18556
41811 24711 44037 23919
17391 44009 17994 41809
10272 8454 11428 6972
16503 39685 18649 38803
33175 34737 33889 33295
6399 50000 7513 48700
40451 37670 41811 36982
38474 991 39754 0
45256 1331 46356 0
21502 2293 22341 738
12074 2514 13417 1549
5822 24879 7077 24122
22497 24519 23211 22498
6442 41313 7550 39787
28027 41280 29780 40854
28027 31305 29028 30567
3843 42216 5133 41135
12763 18464 13417 15870
14182 5747 14700 4237
29045 26006 30107 24519
14847 743 16101 0
38764 44272 40510 43470
34658 34984 36357 34069
37772 44816 38764 43470
11314 50000 12256 48280
0 8666 1611 7682
34404 40306 36308 39845
35803 36942 36848 35921
48979 18188 50000 16870
38786 20314 39772 18454
31533 608 33155 0
11869 31507 13417 30841
17354 8418 18876 7355
49093 35387 50000 33910
42453 22725 43398 20914
43022 1233 44300 0
16397 4237 16902 2305
30668 30866 31706 29687
38839 18454 40181 17129
9240 3827 9998 2613
2247 25553 3396 24907
14257 28894 14574 26899
10019 48251 11314 47513
28838 39774 29172 37908
13417 28894 14257 26899
4303 28869 5159 27419
26177 6753 27286 6077
6630 1851 7259 0
18165 14946 19080 13784
25076 41809 26432 40899
9531 12749 10784 11835
37772 27372 38403 25388
31524 27406 32024 25909
29270 12593 31068 11602
14426 19454 14888 17952
41517 47528 42664 46598
1051 36022 2482 35149
37772 29150 39172 27965
7550 38482 9827 37788
47476 22813 48377 21551
44001 49008 45641 48333
46378 18202 47891 17781
38257 50000 39317 48319
16351 17009 17057 15484
32291 16031 33031 13932
0 32824 1713 32223
14945 47314 15351 45984
0 13520 593 11945
4239 31102 5023 28869
31325 14861 32291 14127
44037 23034 44616 21551
43384 11342 44756 10531
10476 39260 11314 37788
46377 42832 46876 39198
24430 43650 26523 43094
29936 11042 32245 10394
36276 30721 37772 30145
17354 9553 18876 8418
23888 31726 24702 30626
44123 34437 45091 33178
44025 33178 45091 31912
39758 16308 40731 15143
5061 47513 6485 46490
2366 13826 3705 12441
6443 43822 7550 42216
13417 25589 14753 24829
39754 1794 41099 1147
46380 22813 47476 21551
28027 35744 28793 33974
32341 41299 33021 39853
40259 23833 40811 22479
47998 34465 49093 33347
13417 15592 14605 14754
27183 30923 28027 28894
3631 10502 4673 8941
44744 45403 45334 42832
2422 30167 3396 29011
39072 10035 39702 8251
29780 40452 30666 39774
21235 21941 23420 21460
12481 36200 13417 35233
22143 46291 22878 45183
14658 38183 15968 37232
14604 6573 16351 6256
19886 13784 21544 12919
22819 25444 23840 24519
28638 7450 29543 5718
21665 50000 23046 48849
39772 20314 40755 18454
36085 3097 36663 1180
29697 46137 30666 45340
23420 22498 24631 21642
6577 9918 7318 8072
4673 13826 5822 13218
35206 24519 35846 21774
1480 1808 2366 878
17498 4237 18219 2305
5822 26410 7077 24879
40259 22479 41811 21741
9453 46583 11314 45727
24321 7618 25249 6060
33825 48033 34799 46435
44037 27946 45373 27099
36609 28519 37772 27490
38933 6441 39557 4868
4673 13218 5822 12031
1051 29011 1796 27464
31291 39332 33021 38378
29987 29083 30309 27555
18903 20893 19791 19276
2482 40231 3204 38458
16397 2305 18219 1612
33825 48956 34799 48033
33155 3097 34026 2046
44096 46598 44744 45444
1568 32223 3396 31418
2296 20082 3396 18713
3496 50000 4300 48637
3410 8941 4321 7831
4306 7427 5822 6252
11314 22913 13417 22174
2366 6140 3143 4123
36308 43019 37197 41155
4282 1937 5822 1390
45334 43801 46090 42832
48195 5985 48942 4549
2131 23647 3396 22575
7550 35890 9986 35149
35996 5290 37365 4713
28793 33915 29916 32908
36526 26640 36971 25067
28027 47416 29697 46697
3396 24292 5020 23347
2366 1294 3441 0
21544 17009 22040 15163
11314 38058 12459 36776
5822 33774 6716 32515
15078 11323 15584 9609
32235 23518 33045 22013
1928 16702 2366 14353
17843 24066 18485 22211
17057 17009 17586 15484
37772 50000 38257 48319
0 42216 464 39869
45255 19451 46378 17781
782 14353 2366 13520
9282 10737 9916 8454
42664 50000 43926 49008
34238 43657 36308 42804
39389 25388 40259 24449
4234 40286 5133 38992
25061 2024 26079 1034
8856 31674 11314 31190
42830 13908 43565 12593
31774 36942 32263 35295
11897 15870 13417 15254
6483 4490 7357 3117
40510 44816 40914 42832
26177 9837 27597 8700
27721 3356 28894 2402
48985 47298 50000 46218
30457 20648 32235 20312
35206 21221 37070 20549
37772 22855 38733 21248
46380 23705 47632 22813
31236 5718 32245 4713
5061 43685 6443 43192
28906 15182 29655 13532
37772 43470 40510 42832
33753 24519 35206 23518
9827 42157 10882 40691
17994 42486 19894 41809
31912 42804 33021 41879
10874 33695 11314 31674
33557 18556 34400 17009
23335 34856 24511 33708
22863 32293 23889 31726
7926 21649 9735 21258
13978 8815 15282 7439
39184 3522 39754 991
10215 26084 11314 25300
43051 37424 44198 36584
39956 32211 40745 30922
7630 11835 8902 10737
16682 41809 17643 40758
17374 24066 17843 22211
39178 48319 40709 47326
41811 41194 43932 40352
34039 14206 34726 12593
44756 10234 46531 9354
36405 19827 37772 18556
45751 32379 46244 30519
36236 26640 36526 24519
34658 30721 35585 29519
1923 48858 3089 48300
24511 38183 26190 37560
48731 26017 49171 24003
7513 49296 9745 48700
39716 39923 40451 37795
28027 27547 29045 26120
30457 19452 32235 18556
29916 35744 30668 33891
28638 12593 29270 11602
5822 31674 6650 30422
45091 34604 45820 33521
593 13520 1561 11945
25230 33708 26536 32774
13417 31847 14880 30834
36308 50000 37196 49343
40259 20700 41811 20314
8277 37788 8886 35890
7077 23044 8898 22417
45525 5985 46595 4957
32641 46435 33448 45348
47728 41196 48520 39522
15640 19454 17374 18800
17723 11958 18876 10985
14937 22424 15843 20991
30871 15645 32291 14861
11314 35233 12495 34696
28027 42305 29780 41280
20126 17009 21544 16103
23888 30626 24702 28894
7550 37788 8277 35890
23781 50000 24563 48849
17783 29648 19911 28894
44578 4957 46595 4227
8651 16577 9735 15197
5822 21089 7926 20312
0 19120 2296 18713
40713 8412 41099 6441
3396 23347 5110 22247
16351 6467 17151 4237
3705 11195 4673 10502
33448 43657 34238 42804
27216 21948 28338 20648
37365 4485 38650 3522
0 26821 2247 26145
11428 11142 13417 10389
806 7682 2366 6598
36730 44567 37772 43019
9638 11265 11428 10737
38474 3522 39184 991
14888 19454 15640 17952
47632 26017 48731 25091
21235 19893 22334 18841
29974 23866 32235 23057
38353 48319 39178 46598
35996 6441 37365 5290
41811 14056 42830 12593
33134 5704 34441 4713
19894 42554 20999 41809
20232 2293 21502 1815
30666 44429 31921 43489
22410 12181 22741 10383
5822 8072 7318 7110
8886 37788 9986 36864
2366 12441 3705 11545
14700 5747 16351 4950
39178 47326 41517 46598
44316 36584 45469 35595
33155 4713 34293 4004
26171 23057 27117 21948
18219 4237 18917 1612
32831 26730 33647 25909
7550 45985 9453 45535
26190 36032 26890 33708
9429 4747 10850 3827
13887 50000 14459 48091
39317 48810 42664 48319
1796 29011 2536 27464
21235 18315 22610 17009
44480 30946 45091 29616
43034 46598 44096 45444
27721 2402 28301 887
7550 43953 9453 42983
380 50000 1231 48236
40978 36036 41811 34693
26841 17009 28019 16001
48346 10514 49187 8841
47149 8841 48166 7976
5061 44358 6443 43685
26548 3297 27721 2465
0 42971 2510 42216
34887 42804 35935 41338
3410 7427 4306 6252
16772 29648 17783 28894
33031 17009 34039 15910
20016 47495 22289 46654
32245 8482 34685 8043
13417 2974 14302 1445
25505 19350 26453 18556
39191 39923 39716 37795
36837 34069 37772 33352
5822 20312 6350 19256
38263 10035 39072 8251
3019 15854 3396 13826
20930 31726 21633 29640
9780 27364 11314 27002
29056 19293 30457 18556
15388 41809 16682 40758
11314 24405 13417 23652
33031 15910 34039 15244
46876 47298 48985 46728
14512 48091 14945 45608
29056 20648 30457 19293
21544 15163 22150 14141
21235 23609 22497 22498
11314 39069 12459 38058
0 45655 2045 45009
817 10037 1561 9332
38764 44816 40510 44272
46432 17781 47891 16861
32263 36942 33711 36400
47891 14420 49030 13620
17418 49512 19342 49085
1133 27464 3396 26821
42571 10501 43384 9354
19342 50000 20267 48953
0 30167 1410 29011
22878 46291 24372 45183
39172 29150 40152 27965
25076 40265 26432 39384
29826 22332 31105 21623
37772 15071 38813 13555
44505 16861 45300 15861
41811 30946 42956 29616
20836 4365 22076 3197
6716 33774 7759 32515
28021 16001 29338 15182
49245 21551 50000 19637
23889 32421 25230 31726
48973 30637 50000 29724
45173 26581 45757 23615
42664 47702 43905 46598
46690 16861 47891 15861
32245 12593 32781 9781
26890 36032 28027 34391
48035 31604 49091 30637
40152 27135 41118 25388
22959 43650 24430 42729
23483 4713 24186 3264
46748 6760 48166 5985
19861 19276 21235 18604
37772 37172 39191 36036
29655 15182 30372 13532
5020 24734 5822 23347
5822 18405 7802 17840
16503 20713 17374 19454
3396 22247 5110 21147
30107 26401 31524 25254
44919 41826 46377 41358
33711 35776 34658 34737
38263 8251 39702 7404
18283 25679 19652 24777
35584 38804 36110 36942
1231 50000 1923 48236
23234 38183 23767 36452
9834 28305 11314 27364
31291 38378 33021 37581
19080 14391 20126 13784
14880 31847 15750 30834
36572 15630 37772 14147
48195 4549 48942 2566
46380 26017 47632 25228
15351 47314 16398 45984
44505 15861 45287 14750
8282 4747 9429 3827
30666 48251 32175 47127
19863 38183 21288 36932
44756 11043 46531 10234
7357 5683 8282 4820
7136 13276 8317 11835
19911 33708 20811 31726
10653 24219 11314 22417
40702 42832 41265 40983
30186 2402 30693 887
23889 33708 25230 32421
47891 18188 48979 17069
40266 11189 41099 10035
29936 10394 30876 9398
427 6209 1603 5141
16902 4237 17498 2305
47443 43352 48023 41196
3396 32162 4239 30086
21522 39866 23235 39062
8033 14091 9531 13276
1410 30167 2422 29011
36308 49343 37196 47635
18917 6704 19681 5451
29916 31971 30668 31305
30814 6975 32245 5718
19863 36403 20919 34856
30698 9398 31096 7938
46531 10514 48346 9517
6442 39787 6985 37676
8282 9869 9282 8454
17354 10985 17917 9553
38949 40953 39888 39923
46876 48250 47945 47298
32235 22013 33045 21016
43156 28635 44037 26622
2536 29011 3396 27464
18917 3317 20836 2907
43131 5985 44806 4957
32235 21016 33803 20098
40755 20314 41371 18454
7137 17840 7939 16577
15750 32316 17556 31501
37772 34693 38819 33496
24819 11705 25668 9464
13417 40758 14890 39719
27721 887 29860 0
28027 40854 29780 39774
19746 40488 21578 39866
6485 47513 7550 46704
22863 33708 23889 32293
34404 42804 34887 41338
7759 33774 9281 32515
38949 42832 39888 40953
23483 10802 24819 9464
22741 12181 23483 10383
3396 16550 5822 16113
45757 26581 46380 23615
10476 40691 11314 39260
16013 48651 17418 47314
42424 39888 43468 38505
22775 27457 25748 26837
38405 38496 39191 37172
6911 28305 7410 27020
48789 12593 50000 11239
7077 23715 8898 23044
15750 33708 17230 33340
26432 40905 28027 40363
40451 36982 41811 36036
23483 17009 25233 16236
36848 36942 37772 35921
9240 2613 10850 2005
0 31505 1568 30803
8898 23715 9631 22417
11314 19541 12222 17609
22412 9399 23483 8382
31291 41299 32341 39853
46876 46728 48985 46218
4693 35149 5822 33579
40914 44816 41469 42832
43932 39550 44919 38505
39252 21389 40259 20314
37772 18454 38839 17129
26022 47282 26862 46291
41811 40352 43932 39888
41099 1520 42278 0
41099 11360 42571 10142
7846 30422 8916 29726
17374 18269 19211 17413
39832 36036 40978 34693
32641 45348 33448 44477
44744 46598 46090 45403
0 27464 1133 26821
14189 11323 15078 10084
38813 15143 40437 14432
28638 5718 29388 4713
20815 18604 21235 17009
34799 45589 36308 44568
7077 24219 9631 23715
5822 21649 7926 21089
20267 50000 21665 48772
10896 20026 11314 17739
27117 23057 28338 21948
20076 45643 20999 44009
27430 27812 28027 26626
7939 17840 8725 16577
28027 46697 28460 45340
14945 49114 17418 48651
48797 8054 50000 6606
3396 19026 5822 18307
18951 45643 20076 44009
11314 47125 12765 45898
9631 24219 10653 22417
817 11945 1561 10037
41517 48319 42664 47528
9083 41706 9827 39820
12352 42940 13417 41181
33316 32017 34658 30866
32291 13932 34039 13273
46595 4228 48195 3449
17151 6467 17832 4237
36428 39845 37772 38804
26190 37002 28027 36032
25447 43094 26345 41809
22864 36932 23234 34856
12062 27442 13417 26232
40181 18077 41811 17129
32245 7239 33127 6441
44988 7505 45533 5985
21946 41809 23235 40488
48023 41737 48990 41196
11869 33164 13417 32469
38733 22855 39252 20314
48088 46218 50000 45460
34609 9592 35667 8482
17418 46291 18951 45253
41099 8039 42075 7031
1923 50000 3089 48858
23848 48849 24563 47495
15396 35152 16144 33708
26841 15182 27361 14086
46595 3449 48195 2566
47891 13620 49030 12593
36730 45290 37772 44567
5822 3117 6982 2273
24563 48047 26022 47282
27721 4713 28974 3356
43034 45444 44744 44455
40940 34693 41811 32958
37772 36036 39832 35201
30309 29687 30892 27555
19579 4743 21419 4365
37772 16308 38813 15071
33944 11019 34609 8482
26354 21948 27216 20648
24085 39323 25076 38183
28027 36942 29511 35744
15287 13720 16351 12973
49030 14546 50000 12593
6399 48700 9745 48251
49171 26017 50000 23727
7550 45535 9453 45197
26022 48853 26867 47282
20669 16103 21544 14405
5061 45128 6443 44358
37052 18556 37772 17009
18917 738 21015 0
42830 17097 44505 16607
15584 11323 16351 9609
44001 48333 45641 47702
31297 4261 33155 3356
18586 17009 19080 15484
27597 9801 28638 8700
45481 23034 46380 21551
28027 26120 29045 24519
27002 27812 27430 26626
39365 17129 40662 16308
0 36022 1051 35149
41811 22725 42453 20914
22541 48849 23848 47495
0 17761 805 16702
42571 12593 43384 10501
30666 47127 33379 46435
32831 27406 35396 26730
37772 20314 38786 18454
5822 19256 7802 18405
31105 22332 32235 20648
35846 23540 36166 21774
0 24226 1597 23313
15750 33340 17230 32316
26889 39432 28027 38183
13417 32793 14011 31847
11314 15870 11897 14091
11314 45898 12368 44817
39956 32958 41811 32211
13417 41454 15388 40758
14362 23331 16190 22424
26868 32774 28027 31726
13417 4237 14302 2974
23483 8948 23955 7618
14574 28894 15079 25589
28027 47906 29697 47416
30666 48947 33379 48251
41811 17985 43583 17097
3410 6252 4106 4808
33021 42804 34404 41440
29829 17948 30514 17009
49030 15975 50000 14546
29028 31305 30668 30567
46876 29724 48765 29276
10068 35149 11314 33695
11314 34696 12495 33164
33053 24519 33753 23518
22410 12985 23483 12181
40702 40983 41811 39923
0 30803 1568 30167
48520 40319 49146 37950
6370 7110 7357 5681
33045 22199 34334 21016
6716 32515 7451 31674
25721 21948 26354 20648
44037 26581 44475 24790
41099 5985 41638 4957
8978 8454 10272 6972
23483 1186 25061 0
35803 35921 37772 34984
12889 14091 13417 11417
46595 4741 48195 4228
23786 28894 24769 27457
33803 21016 35206 19827
17510 36002 19863 35315
37070 24519 37772 21914
17374 17413 19861 17009
12062 28406 13417 27442
41811 28635 43156 27329
26190 37680 28027 37002
1177 47379 2045 45655
34799 47128 36308 46120
28638 11042 29112 9398
37772 24449 38923 22855
26432 41809 28027 40905
45641 49008 46876 47702
21544 14141 23483 13372
10068 33695 10874 31674
33099 28519 34412 27406
15640 18800 17374 17952
38927 30922 41811 30266
44919 39198 46876 38391
47632 24003 49171 22813
19861 18604 20815 17009
39888 41943 40702 39923
20999 45183 22730 44410
41811 18847 42667 17985
27294 18556 28280 17009
26310 18556 27294 17009
44117 8391 45533 7505
11367 1329 12074 0
45373 27444 46380 26581
11314 20547 12570 19541
9453 45727 10423 44208
13417 34975 15396 34619
21235 28894 22775 27664
48673 37950 50000 37101
45091 30519 46876 29883
2494 17761 3396 16702
30668 33295 32764 32982
36572 13357 37772 12593
17643 41809 18600 40758
38405 39923 39191 38496
44037 20445 44959 19451
34685 7883 37341 7476
0 39869 968 37908
5133 42216 6442 41435
41811 35595 42467 33178
46876 44475 48023 43352
18876 8260 20366 7355
0 32223 1568 31505
38819 32653 39605 30922
17510 35315 19863 34747
28638 9398 29540 7938
8492 35149 9281 33774
36276 29064 37772 28519
8725 17840 9735 16577
34334 23518 35206 21656
25634 24519 27089 24108
18428 40758 19746 40097
12570 20547 13417 19541
30876 10394 32245 9398
26079 4713 27189 3297
47728 37101 48635 36093
44117 9354 45533 8391
0 22249 1030 20748
782 16702 1928 15155
40435 12593 41099 11189
41265 42832 41811 40983
27544 43094 28027 41809
2321 31418 3396 30167
0 35149 1272 33795
37341 8507 38263 6441
45287 15861 46703 14750
3089 50000 3496 47379
8125 22417 9735 21649
15396 36002 16766 35152
35211 18556 36122 17009
22150 15163 23483 14141
34658 34069 36837 33352
13417 11323 14189 9772
0 20082 1446 19120
27286 5646 28638 4713
36572 14147 37772 13357
19886 12919 20805 11478
19310 27699 20301 26631
37197 43019 37772 41155
39702 8866 41099 8412
11314 20887 13417 20547
13417 29752 15356 28894
42664 49008 44001 47702
15393 42720 16707 41809
33021 38821 34477 37501
11314 36200 12481 35233
46595 5985 47170 4741
23234 36452 23964 34856
38927 30266 40248 29150
22412 8382 23483 7355
32235 20098 33803 19439
41811 39888 42424 38505
3396 21147 5822 20494
45091 32379 45751 30519
19179 23919 19970 22211
30372 16461 32291 15645
45779 21551 46191 19451
48023 44475 48990 43262
41811 23533 44037 22725
26345 43094 27544 41809
13417 22424 14360 21217
34799 46120 36308 45589
42042 45403 43034 43625
17230 33708 19911 33292
37365 6441 38533 4868
46876 38104 47728 36093
43622 38505 44919 37424
33021 37501 34477 36942
36321 12593 37122 10933
22076 4365 23483 3132
45533 7262 46748 5985
21633 31726 22811 30534
11314 48280 12256 47125
37772 17129 39365 16308
2366 2942 3441 1294
43912 2566 44750 1233
31524 28519 33099 27406
44071 44455 44744 42832
23831 20648 25505 19539
1597 21611 3396 20748
38819 33600 39956 32653
14937 20570 16503 19454
13417 50000 13887 48091
38813 14432 40437 13555
34039 17009 34726 15694
28027 48463 29461 47906
12763 19541 13417 18464
45373 28635 46380 27444
3843 38992 6442 38327
17418 50000 19342 49512
40745 32211 41811 30922
5822 29026 7846 28305
40270 50000 41647 48810
1220 26145 1582 24226
35975 31979 37772 31069
34609 11823 35667 10630
7513 50000 9745 49296
43126 31999 44025 30946
12680 30841 13417 28406
27979 8700 28638 6271
48942 5985 50000 4564
22811 31726 23888 30303
46876 41196 47728 39723
3843 36727 5145 35955
46356 1075 47539 0
13417 44009 14728 43321
4022 44818 5061 44026
30668 32198 32764 31664
23483 2024 25061 1186
46876 46218 48088 45002
31291 39853 33021 39332
43384 12593 44756 11342
28027 50000 29461 49550
5159 26401 5822 24734
6650 31003 8856 30422
18750 28894 19310 26631
18917 5451 19579 4365
44300 1233 44750 0
5306 37676 6238 36727
34400 18556 35211 17009
34175 25909 35396 24519
25634 24108 27089 23057
41811 19451 44505 18847
18876 13028 19886 11674
49528 22813 50000 21551
28027 49550 29461 48463
3396 28229 4303 26350
4282 1390 4829 0
35876 28519 36609 26640
46876 30637 48973 29724
38923 24449 39622 22855
47539 1075 48556 0
27089 24519 28879 23643
37365 4868 39673 4485
16351 10985 17354 9349
45334 45403 46090 43801
28974 3871 30577 3356
31524 25909 32501 24519
23964 36452 24511 34856
5822 10737 6577 8791
37196 50000 37772 47635
25061 1034 26079 0
7860 35149 8492 33774
36663 3097 37365 1180
15924 37232 17817 36309
33316 33295 34658 32017
44959 21551 45779 19451
44505 19451 45255 17781
8523 27364 9780 26084
25747 30834 26612 28894
3843 38327 6442 37676
13417 46584 14512 45608
32470 18556 33557 17009
35419 19827 36405 18556
23235 39566 24085 38183
0 36871 759 36022
17723 13313 18876 11958
21015 738 22271 0
43606 4227 45100 3144
45091 29114 46876 28635
3496 48637 4300 47513
28879 24519 29974 23057
7357 7110 8282 5683
40361 8412 40713 6441
16190 26631 17134 25629
25904 17009 26841 15526
29045 29083 29987 27555
45091 33028 46876 32379
26177 6077 27286 4713
20919 36403 21382 34856
16707 44009 17391 41809
13417 1445 14009 0
3396 14907 4946 13826
13417 5747 14182 4237
2482 42216 3458 41123
41811 36506 43051 35595
0 26145 1220 24967
2247 26821 3396 25553
7318 8761 8282 7110
4414 26350 5159 24734
34334 21656 35206 21016
22775 28894 23786 27457
13417 21217 14360 20286
28280 17948 29829 17009
7550 42983 9083 41950
5822 11835 6828 10737
41099 4957 41827 3736
1386 42216 2482 41399
5822 29836 7846 29026
30666 39817 31291 36942
43398 22725 44037 20914
23252 47495 24563 46291
35938 3774 37365 3097
24085 41809 25076 40407
28997 44135 30666 43027
13417 39719 14811 39042
18473 33292 19911 32316
39191 37795 39528 36036
47728 37950 48673 37101
40687 29150 41164 27135
21522 38623 23235 38183
49091 31604 50000 30637
22026 30534 22811 28894
36961 34984 37772 34069
19863 36932 21986 36403
38217 30922 38927 29150
42830 16607 44505 15748
38881 11189 40266 10035
17817 38183 18705 37079
35846 24519 37070 23540
41811 15362 42830 14056
32781 12593 33570 10677
4106 5384 4835 2942
24460 26837 25000 24519
24416 18841 24763 17009
16351 14946 18165 14504
17917 10985 18876 9553
34039 15694 34726 14206
34404 41338 36308 40653
30107 27555 31524 26401
35396 28519 35876 26640
12074 4747 12816 2514
7137 15197 8841 14091
40451 38760 41811 37670
8282 8454 8978 6972
41811 41542 43932 41194
33711 36942 34658 35776
48166 8841 50000 8054
20016 46654 22289 46291
11314 16902 12763 15870
47633 11239 50000 10514
20748 10383 22492 9399
43583 17985 44505 17097
38819 34693 39956 33600
24085 40407 25076 39323
28027 39774 28838 37908
17230 33292 18473 32316
30577 4261 31297 3356
21235 25444 22819 24519
6577 10737 7318 9918
11428 10389 12168 7947
39252 22855 40259 21389
13417 12973 14976 11739
3410 4808 4106 2942
1597 22575 3396 21611
20930 29640 21633 28894
23483 12053 24819 10802
36971 26640 37772 25067
29860 887 30693 0
18649 40097 19746 39355
37772 41215 38949 39923
16190 24777 16851 22424
35743 15364 36572 13425
11314 28406 12062 27194
19998 4365 20836 3317
41638 5985 43131 4957
4239 32589 5105 31102
26890 34391 28027 33708
26785 26626 27608 24519
44919 42832 46377 41826
18485 24777 19179 22211
45231 47702 46876 46598
44123 35595 45091 34437
29974 24519 32235 23866
27608 26626 28027 24519
19886 11478 21544 10383
24372 44255 26029 43650
31774 35295 33711 34737
48556 1075 50000 0
45091 33521 46876 33028
46380 25228 47632 23705
15287 14266 16351 13720
8282 3827 9240 2807
30107 25254 31524 24519
40152 29150 40687 27135
45100 4227 46595 3105
23405 42729 24430 41809
34658 33352 35245 30721
29543 7450 32245 6975
41811 26618 43156 25505
23420 21642 24631 20648
37309 47635 37772 45290
32764 30541 34658 29687
25904 13487 26841 12593
46876 31604 48035 30637
31774 34737 33175 33902
5822 30422 7846 29836
10572 10737 11428 9554
8312 47513 9453 45985
46876 29276 48765 28635
19784 26631 21235 25679
41164 29150 41811 27135
45091 35595 46876 34604
17134 26631 18283 25629
9745 49120 11314 48251
0 44190 1536 43601
32235 19439 33803 18556
39754 1147 41099 0
7077 25156 7881 24219
5822 14091 8033 13276
47149 7976 48166 6760
17418 49085 19342 48339
43565 15748 44505 13844
47632 25091 48731 24003
44037 23615 46380 23034
1561 10549 2366 9332
43126 33178 44025 31999
14403 36002 15396 34975
16351 15484 19080 14946
43106 4957 44578 4227
30666 44802 32641 44429
41811 37372 43051 36506
8968 20312 9735 18482
43156 26622 44037 25505
45599 50000 46876 49008
34931 2046 36085 997
10468 16966 11314 15007
5061 43192 6443 42216
29511 36942 31774 36108
21544 13372 23483 12985
12447 1549 13417 0
17418 45253 18951 44009
37772 46598 38446 45463
30892 29687 31524 27555
25197 3264 26079 2024
8282 1329 10024 672
3496 47513 5061 46818
3441 1937 4282 0
32501 25909 33647 24519
33448 46435 34126 44568
17586 17009 18586 15484
43051 36584 44316 35595
24186 3975 26079 3264
20366 9399 21304 7355
15846 17952 17374 17009
24257 24519 24631 22498
3396 33993 4693 33579
4192 17473 5822 16550
26504 50000 28027 48853
14403 17009 15317 15592
34726 15364 35743 14303
7846 29065 10063 28305
0 37908 694 36871
26867 48853 28027 47282
3143 6140 3410 4123
26453 20648 27354 18556
24769 28894 25748 27457
40259 21741 41811 20700
33944 12593 34609 11019
34799 48091 36308 47128
28027 37908 29172 36942
13417 48091 14512 46584
44806 5985 45525 4957
48942 4564 49637 2566
17994 44009 18831 42911
30577 4713 33155 4261
27286 6271 28638 5646
49245 19637 50000 18188
35938 4713 37365 3774
39702 8412 40361 6441
26177 8700 26712 6753
34726 16259 36572 15364
40709 48319 41517 47326
10468 15007 11314 14091
16351 12682 17723 11895
23211 24519 23527 22498
3396 26350 4414 24734
5822 22417 8125 21649
26841 14086 28906 13532
24631 23057 26171 21948
43565 13844 44505 12593
4300 50000 4792 47513
30693 2152 31533 0
42976 9354 43413 7298
19970 23919 20445 22211
26079 3297 26548 851
805 17761 2494 16702
10024 1329 11367 0
35122 4004 35938 3097
46531 12593 48789 11832
18951 46291 20999 45643
37772 30922 38217 29150
11897 15254 13417 14091
5133 40657 5578 38992
11428 12359 12889 11417
9531 14091 10784 12749
32235 24519 33053 23518
21288 38183 23234 37812
38403 27372 38879 25388
41118 27135 41811 25388
41099 9354 42075 8039
12495 35233 13417 33164
19028 34747 19863 33708
44505 17781 46432 16861
44475 26581 45173 24790
2366 7171 3410 6140
19746 41809 21946 41353
23500 18841 24416 17009
36696 38804 37772 37679
10215 25300 11314 24219
29338 17009 30372 15182
3396 24734 5020 24292
9281 35149 10068 32943
1597 24226 2131 22575
18609 47495 20016 46291
14847 4237 16397 3099
21544 12985 22410 11082
8282 672 10024 0
9735 17739 11314 16966
34658 29519 35585 28519
49146 40319 50000 39056
16398 44888 17418 44009
11314 23652 13417 22913
45167 14750 45829 12593
43926 50000 45599 49008
45469 37424 46876 36732
24622 14361 25904 13242
41811 23919 44037 23533
19579 5451 21419 4743
11314 42940 12352 41937
17832 5343 18917 4237
25748 26626 26785 25673
11314 22174 13417 21609
24321 6060 25249 4713
47891 15975 49030 14420
18876 10383 20748 9399
8282 10737 9282 9869
36904 10933 37862 10035
3396 17473 4192 16550
14811 39719 16503 39042
6426 35149 7311 33774
35184 997 36085 0
22323 6045 22716 4365
38881 12078 40435 11189
44505 14750 45167 12593
46378 19451 47891 18202
25748 27812 27002 26626
12240 43980 13417 42940
19894 44009 20999 42554
19080 16099 20126 14391
47530 27681 49071 26680
23767 38183 24511 36452
16351 9349 17354 8559
18649 39355 19746 38183
34126 46435 34799 44568
23483 7618 24321 6875
29826 23057 32235 22332
3705 12657 4673 11195
39605 32653 39956 30922
40451 39923 41811 38760
35585 30721 36276 28519
37772 27965 40152 27372
8007 41529 9083 39820
5822 1851 6630 0
14953 33708 15750 32793
20445 24777 21235 23809
46380 27681 47530 26017
24702 31726 25747 30509
28894 3356 30693 2402
0 6209 427 4267
30666 42804 31912 41879
8282 6972 10445 6211
29540 9398 30698 7938
9986 37788 10404 35149
46748 8841 47149 6760
40662 17129 41811 16308
43468 39888 43932 38505
12459 39069 13417 37779
49093 32709 50000 31604
7311 35149 7860 33774
12765 47125 13417 45898
25174 35046 26190 33708
2247 24907 3396 24226
7451 32515 9281 31674
16766 36002 17510 33708
26177 11458 27597 10646
43413 9354 44117 7298
28027 28346 29045 27547
46531 11832 48789 11239
5822 16446 6634 14755
48208 28635 49071 27681
19911 29941 20930 28894
40811 23833 41811 22479
48023 43262 48990 41737
14890 40758 16503 39719
14294 14754 14605 12973
23235 41809 24085 39566
21304 9399 21719 7355
17510 34747 19028 33708
43529 35595 44123 33178
28027 32908 28551 31305
41811 29616 43584 28635
41099 7031 42075 5985
36308 41155 37772 39845
16351 11895 17723 10985
1568 31418 2321 30167
29683 39774 30666 38758
11314 41937 12352 40319
41811 17097 42830 15362
18600 41809 19746 40758
22341 2293 23483 738
2684 47379 3496 46176
10311 6211 11428 4747
30871 14861 31325 12593
48613 48674 50000 47298
27163 44900 28027 43650
0 20748 2159 20082
39557 6441 41099 6025
45820 34604 46876 33521
25076 39384 26432 38183
16503 40758 18428 40097
48088 45460 50000 44475
9638 11835 11428 11265
16503 40097 18649 39685
1561 12106 2366 10549
28638 11602 31068 11042
48990 43184 49458 41196
39888 42832 40702 41943
14945 45222 16398 44009
47998 33347 49093 32451
15596 50000 17418 49114
34412 28519 35396 27406
42467 34229 43529 33178
9827 42983 10882 42157
37122 12593 37862 10933
37365 3522 38474 1951
27597 10661 28638 9801
7926 21258 9735 20312
8856 31190 11314 30422
34477 38804 35584 37993
12256 48620 13417 47125
48765 29724 50000 28635
26177 10646 27597 9837
19211 18269 19861 17413
0 11945 817 11102
22040 17009 23483 15698
20445 23809 21235 22211
15356 30834 16381 29571
24702 29639 25747 28894
38650 4485 39673 3522
1923 48300 3089 47379
11428 11417 13417 11142
38879 26329 40152 25388
45829 14750 47891 14043
26079 851 27721 0
20232 1815 21502 738
10850 4747 12074 3370
34441 5483 35996 4713
30666 45886 32641 45386
46876 43352 47443 41196
10423 44335 11314 42983
21719 9399 22412 7355
15924 36309 17817 36002
20729 39866 21522 38183
21419 7355 22323 5553
1561 13520 2366 12106
48484 1482 50000 1075
7550 39820 9827 39198
32291 17009 33031 16031
37772 35201 39832 34693
5822 27020 7077 26410
18917 2293 19629 738
16101 1612 17337 693
32414 3356 33155 1356
39528 37795 40451 36036
26432 39432 26889 38183
16398 47314 17418 45505
24511 37560 26190 36835
35975 31069 37772 30721
45474 12199 46531 11043
32024 27406 32831 25909
11314 27194 12062 24985
12787 7094 13417 4747
7881 27020 8523 24219
3113 37350 3843 35149
29045 27555 30107 26006
22305 26837 23840 25909
18831 44009 19894 42911
7410 28305 8523 27020
4792 49310 5383 47513
48166 8054 48797 6606
37772 21248 38733 20314
17374 22211 19853 21643
23898 19539 25505 18841
14753 24333 16190 23331
34293 4713 35938 4004
3
1
