1 2 10 9 8 
2 3 13 12 10 
3 4 18 29 28 27 17 
4 5 20 19 18 
5 6 21 20 
6 7 25 24 23 21 
8 9 11 15 14 
9 10 12 11 
11 12 13 17 16 15 
14 15 16 26 31 30 
16 17 27 26 
18 19 22 34 33 32 29 
19 20 21 23 22 
22 23 24 36 35 34 
24 25 37 36 
26 27 28 44 43 31 
28 29 32 45 44 
30 31 43 42 41 
32 33 46 45 
33 34 35 38 48 47 46 
35 36 37 40 39 38 
38 39 49 48 
39 40 62 61 57 
41 42 50 54 53 
42 43 46 47 52 51 50 
47 48 49 57 56 52 
50 51 55 54 
51 52 56 60 59 55 
53 54 55 59 58 
56 57 61 60 
1 2 10 8
2 3 13 12
3 4 29 27
4 5 20 18
5 6 21 20
6 7 25 23
8 9 15 14
9 10 12 11
11 13 17 15
14 16 31 30
16 17 27 26
18 19 34 32
19 21 23 22
22 24 36 34
24 25 37 36
26 28 44 43
28 29 45 44
30 31 43 41
32 33 46 45
33 35 48 47
35 37 40 38
38 39 49 48
39 40 62 61
41 42 54 53
42 46 52 50
47 49 57 56
50 51 55 54
51 52 60 59
53 55 59 58
56 57 61 60
1 0 5000 2 1290 8 457 
2 1290 5000 1 1290 3 454 10 457 
3 1744 5000 2 454 4 535 13 1023 
4 2279 5000 3 535 5 1002 18 1377 
5 3281 5000 4 1002 6 970 20 1377 
6 4251 5000 5 970 7 749 21 1377 
7 5000 5000 6 749 25 1623 
8 0 4543 1 457 9 813 14 881 
9 813 4543 8 813 10 477 11 566 
10 1290 4543 2 457 9 477 12 566 
11 813 3977 9 566 12 477 15 315 
12 1290 3977 10 566 11 477 13 454 
13 1744 3977 3 1023 12 454 17 315 
14 0 3662 8 881 15 813 30 687 
15 813 3662 11 315 14 813 16 174 
16 987 3662 15 174 17 757 26 512 
17 1744 3662 13 315 16 757 27 512 
18 2279 3623 4 1377 19 815 29 473 
19 3094 3623 18 815 20 187 22 246 
20 3281 3623 5 1377 19 187 21 970 
21 4251 3623 6 1377 20 970 23 246 
22 3094 3377 19 246 23 1157 34 861 
23 4251 3377 21 246 22 1157 24 80 
24 4331 3377 23 80 25 669 36 861 
25 5000 3377 7 1623 24 669 37 861 
26 987 3150 16 512 27 757 31 175 
27 1744 3150 17 512 26 757 28 141 
28 1885 3150 27 141 29 394 44 1693 
29 2279 3150 18 473 28 394 32 634 
30 0 2975 14 687 31 987 41 1518 
31 987 2975 26 175 30 987 43 1518 
32 2279 2516 29 634 33 458 45 1059 
33 2737 2516 32 458 34 357 46 1059 
34 3094 2516 22 861 33 357 35 673 
35 3767 2516 34 673 36 564 38 735 
36 4331 2516 24 861 35 564 37 669 
37 5000 2516 25 861 36 669 40 735 
38 3767 1781 35 735 39 551 48 643 
39 4318 1781 38 551 40 682 49 643 
40 5000 1781 37 735 39 682 62 1781 
41 0 1457 30 1518 42 852 53 755 
42 852 1457 41 852 43 135 50 441 
43 987 1457 31 1518 42 135 44 898 
44 1885 1457 28 1693 43 898 45 394 
45 2279 1457 32 1059 44 394 46 458 
46 2737 1457 33 1059 45 458 47 319 
47 2737 1138 46 319 48 1030 52 122 
48 3767 1138 38 643 47 1030 49 551 
49 4318 1138 39 643 48 551 57 607 
50 852 1016 42 441 51 1235 54 314 
51 2087 1016 50 1235 52 650 55 314 
52 2737 1016 47 122 51 650 56 485 
53 0 702 41 755 54 852 58 702 
54 852 702 50 314 53 852 55 1235 
55 2087 702 51 314 54 1235 59 702 
56 2737 531 52 485 57 1581 60 531 
57 4318 531 49 607 56 1581 61 531 
58 0 0 53 702 59 2087 
59 2087 0 55 702 58 2087 60 650 
60 2737 0 56 531 59 650 61 1581 
61 4318 0 57 531 60 1581 62 682 
62 5000 0 40 1781 61 682 
